-63.92936
-129.79871
-257.90536
-514.64808
-61.64252
-123.78852
-244.50647
-489.77923
-64.25995
-130.14286
-258.61301
-513.90206
-66.23391
-134.39415
-253.71162
-521.95175
-65.06094
-205.20142
-647.38161
-2048.37922
-65.25448
-131.88954
-256.30694
-517.54767
-61.15759
-125.97384
-254.74775
-501.31461
-78.43508
-190.27878
-339.72723
-506.69937
-62.94487
-131.50442
-255.95897
-511.15235
-61.19562
-128.04433
-263.35427
-528.53087
-63.68987
-124.52609
-257.01020
-509.09679
-50.68044
-124.32268
-263.10576
-480.66263
-72.99286
-127.64987
-240.59708
-543.13822
-68.80347
-127.19509
-189.36964
-286.18071
-232.44508
-194.58545
-189.60962
-175.44878
-100.00008
-398.15334
-899.99555
-1534.58292
-64.94270
-103.59060
-289.91478
-413.99049
-63.68107
-127.58228
-250.06929
-484.45156
-60.61783
-119.99976
-228.71801
-439.05645
-63.29805
-127.35335
-250.43231
-481.38257
-62.98112
-125.92454
-254.22038
-516.82125
-64.58332
-199.74704
-599.61206
-1772.02711
-92.89458
-189.48305
-380.03217
-744.66400
-47.79477
-138.08623
-257.01612
-492.07393
-20.91319
-51.00354
-96.27430
-162.44650
-30.96424
-54.01326
-108.16092
-425.22654
-31.31702
-60.10081
-129.48229
-199.98175
-63.76324
-125.52215
-250.71502
-478.02473
-57.70459
-138.76194
-259.35843
-595.37468
-61.29716
-116.21184
-274.00618
-490.95350
-26.68458
-50.57203
-65.33718
-102.54166
-190.64278
-194.26759
-211.28582
-178.13955
-99.86202
-389.47569
-897.09898
-1316.40754
-109.63024
-181.47231
-512.36607
-725.58845
-62.63547
-126.37476
-249.84483
-495.04008
-59.63625
-119.10510
-232.99702
-459.45223
-62.49285
-126.38932
-249.86784
-491.51906
-65.81431
-125.94773
-251.68096
-503.94177
-63.85286
-199.12251
-618.51518
-1911.30661
-78.90969
-160.61288
-322.28520
-641.80096
-60.89622
-128.99128
-241.45175
-504.42937
-17.22504
-42.56674
-83.60271
-148.38512
-17.18780
-35.08410
-84.08923
-328.42058
-22.36096
-47.28031
-123.62331
-293.19757
-63.78233
-127.39441
-253.74083
-503.17651
-56.22512
-124.62649
-242.20905
-571.99253
-64.69495
-125.57418
-252.74371
-570.29605
-29.11926
-54.25757
-71.35269
-97.96938
-215.23870
-168.84973
-175.46898
-166.07733
-98.67801
-381.72479
-883.48740
-1435.32537
-76.11852
-161.92741
-305.04251
-647.08355
-63.93525
-129.54790
-255.94719
-507.13124
-60.94392
-123.54363
-243.62977
-481.46017
-63.77498
-129.24102
-255.12344
-506.90942
-64.35027
-123.55217
-256.30694
-533.71617
-64.92028
-204.04237
-635.66802
-1975.19674
-76.11502
-144.59403
-290.97814
-583.55307
-60.58015
-121.08500
-285.10206
-553.84771
-12.40739
-30.88022
-63.02609
-118.56332
-21.38850
-35.18199
-68.69425
-256.72039
-20.49323
-41.45437
-97.63833
-335.66832
-64.04428
-126.33112
-261.19229
-516.91646
-69.13856
-123.83128
-257.49000
-456.86760
-63.72508
-127.60285
-246.71205
-530.35951
-13.93928
-32.00150
-43.09435
-67.87664
-137.80354
-137.10723
-154.98882
-159.77189
-99.91032
-396.10503
-898.79441
-1480.60892
-67.10430
-110.09317
-310.42762
-440.02805
-62.95937
-125.93903
-246.78023
-483.67135
-60.09943
-120.78983
-236.21657
-458.72284
-62.98547
-125.31422
-247.40608
-483.38187
-63.92200
-130.45489
-257.94099
-509.65978
-63.88227
-197.74721
-601.56195
-1808.79922
-91.67488
-182.22601
-362.37678
-722.17153
-61.82304
-126.94347
-272.87915
-514.43483
-93.07442
-239.81722
-484.01672
-820.91910
-48.00875
-112.46577
-312.77380
-879.50915
-67.70962
-157.19559
-365.00630
-648.90386
-64.80378
-127.11019
-254.18526
-512.87362
-60.54250
-126.20901
-246.97919
-631.10317
-53.54641
-132.54409
-245.48240
-537.88615
-115.60600
-246.81432
-384.45929
-616.85112
-446.21109
-310.45622
-231.74499
-208.43486
-98.85084
-379.64734
-884.44404
-1347.10163
-98.70300
-193.53538
-396.05031
-775.87250
-61.97983
-125.27960
-248.15919
-495.51906
-59.96949
-121.42842
-241.42951
-478.72969
-62.16993
-125.09800
-247.65686
-492.87905
-63.47320
-128.49326
-265.91961
-491.59829
-63.01303
-197.88385
-621.47027
-1936.64652
-77.33398
-159.02681
-310.69221
-621.72791
-65.48478
-119.72928
-239.00686
-479.12669
-80.76447
-194.93973
-345.12813
-519.19483
-52.07153
-115.76582
-253.35551
-595.52550
-54.31507
-119.05849
-263.02702
-496.11272
-63.84551
-126.44753
-256.48405
-510.09417
-75.20909
-133.48128
-235.58648
-511.08174
-55.82264
-120.03568
-260.44760
-530.68934
-82.19972
-171.13560
-235.63530
-338.20526
-278.33022
-223.96511
-205.66972
-192.31376
-94.07849
-398.68543
-821.86476
-1572.86106
-100.03923
-229.91662
-415.85350
-919.34890
-63.91611
-129.00613
-255.60560
-509.34302
-61.07175
-122.71294
-242.15886
-481.85943
-63.98238
-128.59982
-256.08867
-507.77388
-67.05333
-131.89865
-268.81306
-518.13194
-64.82915
-203.69969
-639.72064
-2001.79851
-69.50409
-138.88980
-283.10684
-555.71275
-60.41717
-127.67926
-276.59884
-465.08289
-23.75857
-64.29547
-154.78909
-352.73647
-21.55909
-46.57151
-113.33665
-352.38739
-27.06328
-59.49225
-159.01583
-336.87622
-65.55267
-127.11604
-256.63174
-524.67499
-55.21033
-129.13095
-274.23972
-516.20281
-66.07244
-125.83758
-256.00023
-488.83282
-42.52755
-90.53372
-144.32128
-203.20779
-239.06190
-205.59870
-195.18227
-169.50806
-99.83214
-393.60478
-896.58271
-1505.18666
-73.64790
-125.58286
-315.30464
-502.10016
-62.49573
-125.76227
-249.09807
-492.41396
-59.96259
-120.86495
-239.02337
-476.22299
-61.96984
-125.19597
-249.65505
-494.25419
-62.37784
-125.67253
-250.95183
-493.64002
-63.27328
-198.18937
-617.54749
-1899.81084
-78.20065
-164.56988
-327.42389
-659.17444
-63.67521
-125.62624
-239.78961
-464.78313
-134.86534
-342.71283
-647.42633
-1038.82014
-48.42397
-104.40237
-259.07193
-758.77037
-61.25201
-146.20437
-340.08726
-594.84027
-63.56387
-132.14184
-256.29513
-520.47558
-50.10838
-140.14266
-260.56757
-440.40309
-73.16618
-135.45354
-238.67688
-516.27413
-140.21690
-309.32168
-395.05755
-654.00393
-482.80345
-325.86698
-251.52454
-216.64584
-94.88780
-399.16308
-821.35397
-1561.96163
-113.65024
-258.28570
-436.66699
-1028.46700
-63.94408
-130.01407
-258.64278
-516.99978
-61.61697
-124.37422
-248.92606
-497.53125
-64.00300
-128.91408
-258.19056
-516.61898
-65.64178
-130.31979
-257.36552
-492.41396
-65.01901
-205.66499
-651.37391
-2035.07473
-67.59434
-132.73956
-266.82122
-532.73393
-61.17872
-111.54506
-242.63328
-450.52652
-32.14107
-85.00224
-184.17911
-353.50077
-24.37644
-49.19267
-108.10863
-313.97160
-28.47806
-61.52624
-156.39770
-300.55251
-63.83228
-126.96978
-259.93835
-516.10773
-46.55114
-138.82586
-263.77301
-503.83735
-64.33990
-133.33690
-240.72454
-547.07940
-51.30980
-111.22704
-151.77854
-233.98626
-288.07818
-225.00924
-204.16456
-182.99548
-99.84363
-398.69461
-896.10801
-1571.77494
-90.15511
-146.88937
-405.50887
-587.12471
-63.46735
-128.84286
-255.78811
-512.57847
-60.99726
-124.50029
-246.64957
-493.81055
-63.66055
-128.32473
-256.95103
-512.67290
-60.75057
-119.12704
-236.42335
-460.12980
-64.57291
-203.95782
-647.29218
-2065.19165
-64.13578
-128.11216
-256.24203
-505.52235
-61.19562
-121.43402
-252.75535
-480.13168
-28.03305
-72.50039
-147.80542
-263.05730
-24.94080
-51.99964
-119.26153
-305.76682
-26.13969
-56.77673
-143.24529
-275.95633
-64.84259
-127.27420
-261.37278
-517.34512
-46.96349
-131.00877
-271.33784
-536.89624
-64.52386
-125.73331
-241.01294
-613.97454
-59.20936
-117.32224
-167.10920
-213.34396
-264.90513
-224.61066
-208.50207
-176.60800
-98.49186
-398.92418
-882.38956
-1564.01301
-67.20017
-124.76143
-279.61493
-500.63402
-62.99707
-126.31367
-247.70819
-486.63166
-59.87705
-119.93622
-234.91479
-460.36295
-63.34325
-125.68700
-249.16691
-485.41184
-61.04363
-122.66774
-243.38307
-477.61764
-63.98827
-197.81096
-606.93245
-1863.37541
-82.33990
-169.60176
-340.95759
-680.94237
-64.47188
-131.03592
-263.44524
-528.04430
-58.67193
-141.91567
-260.76564
-413.34278
-42.87660
-91.39456
-210.88727
-573.21871
-47.76946
-103.05293
-230.07020
-451.77309
-63.60926
-130.67134
-251.99990
-503.97659
-40.13196
-135.14201
-262.24086
-516.01266
-72.57388
-124.48022
-275.96904
-477.69463
-97.75081
-161.27252
-244.60220
-320.99655
-294.78159
-218.62024
-198.65539
-184.71423
-99.80685
-373.55999
-896.37629
-1334.87427
-79.31409
-142.42636
-320.43531
-567.93726
-63.34471
-128.32473
-255.98844
-508.23007
-61.15759
-123.83413
-245.54458
-490.29827
-63.27620
-128.12986
-256.71448
-506.38445
-63.89993
-126.39223
-248.30208
-471.49855
-64.31175
-202.79179
-636.91336
-1942.72067
-75.66593
-154.21988
-303.56407
-607.65960
-62.18854
-130.11290
-247.46875
-491.32669
-31.77242
-79.82710
-156.61392
-283.84442
-27.20886
-49.16322
-98.73255
-314.61568
-25.46656
-54.04934
-136.62506
-302.51044
-64.73667
-130.31679
-247.17831
-506.60604
-40.42503
-132.80070
-272.10741
-499.44809
-58.40236
-129.30352
-256.59628
-569.70543
-36.70036
-85.96870
-111.09905
-182.16308
-298.98566
-224.86940
-204.17867
-191.53157
-97.68106
-399.85300
-864.51068
-1591.51362
-99.64382
-173.05349
-444.94913
-690.55832
-63.11322
-127.73219
-254.53081
-502.52811
-60.84857
-122.26450
-241.27391
-474.66844
-62.97387
-127.99127
-253.41386
-499.89680
-60.45613
-122.70729
-240.54169
-493.93564
-64.14759
-201.66028
-628.52182
-1922.20791
-78.19525
-160.12176
-314.02221
-634.87812
-62.21002
-121.54311
-243.84865
-517.91723
-155.34968
-350.30018
-582.23775
-817.20377
-85.28651
-195.06994
-424.68836
-884.85144
-100.45010
-221.43709
-422.69816
-720.46081
-63.58290
-127.03996
-257.53743
-507.13124
-67.19553
-136.24807
-222.53092
-550.89694
-58.85459
-134.70396
-281.15795
-546.03485
-186.69830
-350.15502
-434.32053
-616.69491
-295.30470
-226.90829
-198.73775
-181.58516
-97.50803
-396.82622
-868.40109
-1527.18047
-86.68827
-187.04253
-361.20218
-747.84288
-63.73975
-128.86660
-255.09407
-502.55125
-60.89482
-122.49274
-241.79670
-475.01832
-63.31992
-128.32178
-254.30234
-501.10687
-62.84929
-126.26133
-251.58246
-492.99256
-64.76053
-203.07682
-627.46624
-1910.69057
-80.14942
-158.21234
-314.60843
-634.22062
-60.96778
-124.41145
-254.63046
-558.02077
-54.90986
-137.37900
-272.45850
-465.55432
-50.52663
-105.40479
-227.53613
-562.98959
-68.24964
-137.36319
-293.08957
-532.12095
-65.13139
-131.02989
-257.56115
-520.47558
-62.76107
-144.87397
-248.36498
-499.43659
-58.93732
-133.19268
-268.18245
-445.93377
-93.36205
-193.74494
-285.19398
-429.18088
-303.36143
-230.83963
-197.88841
-185.08463
-99.71267
-394.17617
-891.82648
-1482.65587
-115.40652
-195.57366
-472.27000
-781.55647
-61.21958
-122.43635
-239.64610
-465.21141
-59.44432
-118.28246
-229.98015
-443.09858
-61.20831
-123.02981
-240.52508
-466.91773
-64.55210
-125.81730
-242.70592
-451.62748
-62.26591
-192.14556
-574.84447
-1682.98545
-102.17870
-210.59612
-417.32112
-835.25746
-67.62548
-109.49905
-245.43153
-601.63121
-24.12572
-58.80447
-117.87192
-224.19213
-25.08940
-48.06405
-116.04872
-516.01266
-27.87985
-54.89343
-127.28006
-297.74218
-64.12544
-127.75572
-257.53743
-526.69641
-66.79445
-143.53915
-256.15944
-476.94726
-65.29958
-128.37793
-260.27974
-505.47579
-33.81352
-69.18793
-86.57457
-130.45189
-307.58869
-259.15546
-254.90618
-203.94843
-94.13483
-381.73358
-824.80324
-1358.72123
-80.26762
-288.81541
-294.21199
-1145.96238
-63.81318
-129.45248
-257.94693
-517.76222
-61.35788
-124.08816
-247.85082
-497.65728
-63.80877
-129.82860
-258.01821
-521.08715
-63.40600
-127.97949
-254.15014
-491.03264
-64.90085
-205.11639
-652.65003
-2081.32720
-63.51998
-122.02543
-247.84511
-490.15153
-60.86819
-125.44413
-271.66917
-489.65519
-25.86666
-61.62549
-108.00164
-165.42470
-28.98547
-54.49296
-101.92492
-226.77249
-25.34430
-53.16556
-132.79153
-251.04430
-63.80583
-130.35280
-264.23501
-514.44667
-44.30272
-135.66579
-257.62047
-426.56023
-65.66899
-129.47036
-258.57132
-568.52604
-30.53728
-53.06527
-77.19521
-107.56237
-146.02942
-149.56513
-165.08985
-167.22853
-99.40091
-399.42971
-887.66758
-1586.75677
-56.86962
-101.89676
-246.39413
-407.28682
-62.43101
-124.34558
-241.13506
-474.25330
-59.69121
-118.30698
-231.28654
-452.17897
-62.68886
-125.11528
-241.45175
-473.54402
-60.92708
-121.27474
-238.09505
-452.30393
-63.55948
-193.65128
-593.13064
-1832.27375
-90.25273
-183.20628
-355.43514
-710.70662
-69.07651
-142.51493
-259.92040
-373.46539
-28.11968
-69.08287
-137.13249
-240.82433
-25.81192
-54.20138
-145.25810
-501.85743
-26.08918
-57.35224
-141.52409
-263.71836
-64.05313
-128.75982
-261.55942
-517.60726
-54.62989
-132.01411
-242.54949
-509.81236
-67.00394
-132.10229
-268.80687
-432.54407
-67.94232
-107.61687
-108.33539
-214.69917
-233.65246
-184.54843
-182.70076
-183.13458
-99.88272
-356.26270
-898.69093
-1242.65440
-93.49973
-162.63738
-368.74009
-650.89414
-63.05077
-126.99317
-249.27020
-488.61901
-60.18113
-120.47872
-234.62828
-455.31333
-63.10886
-127.16581
-249.88510
-487.73100
-65.15689
-129.75687
-255.57029
-494.66406
-64.12839
-199.23258
-607.44975
-1793.95011
-92.60200
-184.68021
-368.08690
-739.12920
-62.00124
-137.20197
-234.56886
-492.64078
-59.06094
-143.94957
-277.93956
-454.69519
-47.99106
-104.67196
-237.74444
-640.63456
-53.57848
-114.73882
-253.11062
-436.75749
-64.91729
-126.04638
-258.51179
-522.69743
-48.99935
-138.40136
-253.93956
-523.76969
-84.40931
-131.57106
-260.15990
-508.56956
-89.44382
-173.19301
-224.89011
-370.99697
-341.17748
-275.70863
-246.24100
-201.59992
-98.75074
-385.10607
-886.31962
-1391.81131
-60.35043
-129.15474
-254.22623
-516.23847
-63.56095
-128.38680
-254.09163
-506.23289
-60.88220
-122.89391
-242.65562
-480.70691
-63.26891
-128.48143
-254.61874
-503.80255
-76.73091
-151.33186
-255.49968
-568.60459
-64.48079
-202.23223
-631.94657
-1968.06918
-73.98614
-147.89393
-290.35570
-587.80105
-63.59755
-120.92062
-246.76318
-505.25470
-79.02971
-210.13111
-427.77004
-713.62550
-34.66892
-66.11201
-144.99411
-434.30053
-38.63762
-88.02588
-217.85642
-447.93022
-64.94569
-129.54193
-259.45399
-512.57847
-72.76129
-114.43539
-236.22201
-475.99278
-44.92420
-125.75648
-252.12758
-468.44689
-67.96892
-130.95750
-198.26240
-301.60627
-339.86024
-251.75631
-197.66982
-176.19369
-98.67119
-397.20103
-867.38191
-1546.32352
-106.04504
-197.25606
-409.06315
-788.15269
-52.67813
-105.10427
-205.22505
-398.08917
-52.46025
-104.55393
-201.98558
-392.98897
-52.77283
-104.92533
-206.08689
-397.77763
-65.81735
-129.16664
-248.60529
-465.67225
-53.38882
-163.72702
-495.56470
-1514.05050
-124.41718
-255.01185
-514.84958
-1022.46950
-85.94891
-90.24650
-162.82848
-522.46880
-43.53618
-110.43084
-223.64560
-413.43797
-26.11983
-63.22085
-209.07897
-855.75680
-26.49417
-57.85093
-140.85762
-279.20318
-64.10034
-127.14531
-260.92780
-518.57355
-44.81469
-114.64110
-231.83573
-533.71617
-63.37243
-129.26482
-305.47830
-476.78256
-75.16235
-136.93055
-176.05176
-278.01637
-424.69814
-319.35253
-253.62401
-208.16148
-65.94173
-391.58889
-533.91283
-1496.68484
-169.57052
-482.17019
-566.09636
-1928.10358
-63.35200
-128.49918
-256.16534
-509.68325
-60.91726
-123.50950
-246.17297
-488.78780
-63.86757
-127.85578
-254.58943
-512.96810
-65.59645
-131.36521
-265.59528
-509.70672
-64.42588
-203.39504
-643.02871
-2031.46976
-65.80674
-131.87132
-270.62652
-537.78708
-63.04641
-112.99530
-244.33201
-424.80572
-64.37991
-157.92117
-294.36784
-473.78397
-43.08741
-93.79299
-209.72025
-481.52669
-48.94297
-103.03870
-229.64149
-505.75520
-64.02806
-128.15347
-255.45262
-520.31981
-62.34769
-121.07943
-261.46909
-534.52788
-65.63876
-125.39793
-277.01951
-509.30784
-93.82971
-173.09334
-257.50778
-388.19538
-291.42739
-223.65590
-193.41509
-185.78060
-98.06191
-398.62117
-879.54965
-1556.75533
-75.58060
-145.18788
-332.53730
-580.55098
-63.27182
-127.92940
-255.97666
-512.24811
-60.75197
-123.29923
-245.28464
-487.01278
-63.01883
-128.38384
-255.71156
-512.08300
-62.24298
-126.60486
-252.56918
-490.96481
-64.27474
-203.17972
-641.63842
-1988.84236
-71.28372
-146.34246
-287.17747
-577.61752
-60.86819
-115.40121
-205.88294
-447.33241
-46.10525
-112.57199
-209.83134
-334.64964
-42.69140
-81.85974
-156.02362
-385.17701
-47.24549
-92.94165
-201.19647
-392.19347
-64.84856
-127.67338
-259.53167
-515.22907
-58.41042
-114.13540
-269.81765
-551.97621
-64.88889
-127.54410
-256.92736
-563.56026
-56.92334
-107.53513
-177.68483
-236.73385
-213.37835
-185.90470
-186.69830
-172.71512
-97.42499
-399.44810
-871.64644
-1581.21294
-83.94414
-169.56662
-387.82907
-677.98543
-63.01738
-127.23024
-253.41386
-500.58792
-60.43665
-121.76441
-239.14448
-470.81508
-63.20484
-126.74778
-253.88109
-500.12707
-67.46529
-130.45489
-247.12140
-445.15408
-63.93819
-201.09921
-626.93189
-1914.69834
-79.68753
-157.53620
-318.19281
-634.71734
-64.93523
-120.60085
-240.09348
-475.66408
-20.80561
-56.60051
-126.97563
-238.08408
-17.93702
-35.70182
-84.00214
-343.90648
-20.57976
-45.69728
-126.77405
-300.89873
-65.53908
-127.91467
-258.00633
-506.46608
-71.29029
-123.51803
-266.35470
-533.78991
-65.50589
-130.13387
-263.34820
-383.17782
-37.61754
-57.82962
-110.45627
-162.24464
-380.70656
-271.28161
-209.64782
-176.86845
-97.79584
-394.53938
-861.13325
-1551.78075
-118.68350
-235.59190
-491.05525
-942.28084
-63.61805
-129.54193
-258.21434
-518.75269
-61.32681
-123.94539
-247.75953
-494.42493
-64.00595
-129.49719
-256.55493
-518.04843
-63.51267
-125.85497
-250.04626
-479.92167
-64.69495
-204.88509
-651.43391
-2036.71546
-66.85754
-132.95674
-268.22568
-538.98957
-61.99410
-135.93784
-232.85221
-440.20033
-52.56787
-127.72337
-235.21248
-368.73160
-35.98988
-77.68557
-171.02924
-404.43652
-42.36628
-91.12769
-213.44224
-383.37197
-63.93230
-128.11216
-251.82008
-508.31200
-68.41485
-109.89308
-235.09877
-513.74826
-64.62497
-117.89906
-244.37702
-510.58771
-85.04531
-143.17934
-211.75826
-288.75556
-142.53790
-139.95563
-155.68629
-161.51407
-98.64166
-399.92666
-885.60561
-1593.60382
-46.78002
-96.19010
-223.86715
-384.47700
-56.33397
-113.32882
-224.50725
-444.61116
-54.50425
-110.00448
-216.80054
-431.24131
-56.21217
-113.26621
-221.85558
-444.75451
-65.39738
-129.06556
-258.45228
-518.31092
-57.10976
-178.58310
-557.71248
-1746.98977
-100.32759
-205.75498
-406.93061
-811.95201
-55.89338
-105.48006
-195.05647
-444.34506
-860.16221
-1743.45347
-2474.80144
-3029.35633
-20.53196
-63.72508
-304.83186
-1106.67567
-221.48808
-406.27524
-798.71228
-1422.06799
-63.81758
-131.70442
-258.73213
-520.91920
-223.73316
-281.53368
-463.95981
-768.74156
-58.31904
-130.05000
-246.84274
-516.22658
-168.31405
-251.47821
-309.76358
-476.78256
-900.11990
-544.35267
-355.89375
-258.67256
-92.40391
-327.63505
-819.33284
-1258.02816
-92.54658
-386.02049
-339.53954
-1534.61826
