30.7619
28.1918
25.5169
22.4975
35.0060
32.8056
30.6254
27.9158
22.6281
19.8430
16.5584
13.4814
38.2365
35.8850
33.2101
29.7223
35.0818
31.4912
27.0383
20.4478
29.5911
26.6174
23.4234
19.4123
22.6299
21.7474
17.5729
12.2729
26.5498
21.7261
16.3084
10.8232
27.8937
23.4108
17.7574
9.8586
32.4437
26.9669
18.6400
13.2156
33.5202
30.5597
20.7746
10.1484
35.1745
29.2361
29.8289
28.5161
30.1304
17.5257
16.0632
24.0931
23.1701
16.1648
13.2424
9.8457
8.0041
8.0605
7.9116
8.0107
26.4934
24.9027
21.1146
20.9407
13.6695
11.5481
7.7089
5.7361
27.1061
24.7470
22.0030
19.2239
31.8779
29.5368
27.1940
24.5007
19.4514
16.2849
13.1544
10.1788
34.3360
31.2496
27.2733
22.3883
31.9256
28.0965
23.3515
17.3612
25.5571
22.5852
19.5756
16.2042
20.0307
18.1610
16.6755
10.7304
25.4439
20.9349
16.1531
11.4102
25.4784
21.5237
16.9075
9.9331
29.8330
23.7839
16.2422
11.9968
23.4241
15.7512
8.1695
3.4016
31.3858
10.8983
10.3054
6.4105
28.7399
10.7395
14.0652
19.4280
24.0772
18.3522
16.0474
12.7476
6.3900
6.5674
5.7880
7.3773
23.9471
22.4808
17.9428
18.1241
15.9088
12.7749
10.4990
7.0657
30.0147
27.3631
24.5040
21.6371
33.6490
31.4156
28.8805
26.3369
22.3207
19.2942
16.3541
13.2474
31.9809
29.3742
26.0232
22.0746
33.3825
29.6160
25.1827
19.5441
29.4824
26.4704
23.2604
19.5089
19.2698
16.8597
13.7437
9.9352
28.1454
23.5108
18.5114
13.4440
28.4567
24.4443
19.6117
12.1583
31.9948
26.8302
19.4147
12.7505
24.0498
17.1984
10.0155
5.6670
33.2082
13.9181
11.9570
5.6299
18.6627
28.5262
8.8732
3.5247
25.8664
20.5597
17.8880
13.8326
8.5776
10.5479
9.7826
9.0324
26.8735
25.9819
19.8323
22.5319
16.0082
12.8548
10.0648
7.0822
28.4832
25.8535
23.1865
20.2495
32.9303
30.8214
28.3767
25.7199
20.7503
17.4967
14.4215
11.5152
31.0161
28.5802
25.3422
21.3858
33.0908
29.1447
24.3149
18.3102
26.7873
24.0124
20.8074
17.5390
19.6902
17.2428
12.8717
8.5990
27.9095
23.3263
18.2172
13.0980
26.5352
22.8127
17.6889
10.9030
30.7035
24.9595
17.5155
12.0518
19.7412
13.7207
7.4566
3.4519
29.9456
30.0772
11.0371
6.1363
15.1350
14.0289
14.7905
6.5839
26.7304
20.0095
17.7461
14.5140
8.6872
9.3556
10.5732
8.9152
25.3399
23.0074
19.7904
17.7823
14.7961
12.5399
8.7833
6.7312
35.2886
32.5311
29.6478
26.0609
39.9678
37.2894
34.6140
30.9824
27.1575
24.0889
20.8991
17.7436
40.1388
37.0639
33.4450
29.1079
39.4255
34.6376
28.1659
20.5361
33.0605
29.8179
26.0303
21.5572
28.8373
23.9716
18.5380
15.1187
32.0946
26.2547
19.2442
12.5180
32.1148
26.4243
19.2228
10.8791
37.4795
31.3016
22.7722
16.7218
38.6110
34.8216
27.1456
18.4642
36.4087
33.4421
14.6501
26.7186
41.3261
31.8519
15.1116
15.1413
23.6309
17.4378
13.8264
9.7651
8.7434
10.3210
11.9715
14.9218
31.7523
28.4862
24.5571
18.0772
16.2371
12.8657
10.7523
6.9852
31.8437
29.4455
26.7931
24.3134
34.7815
32.6411
30.2776
27.8052
25.6491
22.6462
20.0096
16.9153
36.4002
34.3081
31.9170
29.7164
33.7099
30.0509
25.6319
19.7121
30.7453
27.6589
24.3086
20.4296
24.6223
24.6105
19.7907
16.7932
27.5934
22.7554
17.8254
12.7220
29.0535
24.5947
19.1210
11.2331
34.4817
29.8358
22.1434
16.5908
35.0519
31.5173
23.2234
12.7656
36.2862
34.8837
34.0560
16.6317
36.1990
26.9584
17.8974
22.0345
26.2322
19.1432
15.5913
12.1985
10.5185
11.4018
11.7789
11.6185
26.8422
28.4882
18.1771
25.1345
17.2075
12.1977
11.8211
6.3408
31.5583
28.9006
26.1182
23.3981
35.9851
33.7761
31.2529
28.5042
23.5491
20.5909
17.3749
14.2506
38.8992
36.1869
32.1471
27.5105
35.9953
32.2767
27.6728
21.0286
30.5936
27.5236
23.9181
20.3475
22.9241
18.7982
14.7829
11.5421
26.7613
21.6946
15.9024
9.6092
29.5111
25.0896
19.6903
10.7256
33.8736
28.1882
19.8674
14.1396
27.2931
20.4608
13.7840
7.0918
32.3033
31.2841
21.7226
9.3928
23.5721
15.4468
11.9579
8.7580
24.9541
17.5608
14.1962
11.1883
8.7021
9.4480
9.9190
10.7545
27.5123
25.7577
21.9521
21.8383
14.3692
12.1578
8.2418
6.3479
35.2897
32.6897
29.8546
26.8208
38.5289
36.1286
33.8001
31.0121
27.9978
25.2920
22.0694
19.0146
37.4601
35.0606
32.4350
29.5036
38.3113
34.1789
28.7889
21.4072
33.3868
29.5772
25.7237
21.5431
29.0784
25.6251
21.8399
16.8830
30.2925
25.0756
19.2642
13.3111
32.7048
27.9731
21.2103
12.1524
37.1080
31.7633
24.1287
18.6931
37.4932
33.7475
30.7612
20.5257
38.3033
35.0278
33.3363
12.6370
27.5528
36.7850
28.9217
14.5409
25.0478
18.3675
15.4967
11.4357
10.5122
12.0258
13.1085
13.2671
30.9399
30.7651
22.2060
25.0046
16.4754
12.6716
11.5931
6.9218
31.2516
28.9365
26.4258
23.8167
35.1238
33.3044
31.2097
28.8164
23.7803
20.9343
18.1349
14.9250
34.6416
32.1463
29.2465
25.9779
35.4687
31.9931
27.8135
21.6430
30.3061
27.5838
23.9954
20.0529
22.6422
19.2031
14.9633
11.7460
28.0112
23.3416
18.1320
12.7668
29.7951
25.9907
21.0129
11.6624
33.2719
28.1860
20.4614
15.2071
29.8501
22.8885
14.7717
8.8307
35.9411
31.9276
29.7902
12.9243
23.5662
22.2820
17.6401
16.4980
25.5516
17.5849
15.2923
11.8472
8.8259
9.3899
9.4710
10.2489
27.2735
24.7783
22.0130
21.8680
13.9414
11.6967
8.1739
5.9171
29.2586
27.1584
24.6401
21.8659
32.2397
30.3023
28.3061
25.7655
22.5972
19.9125
16.8524
13.8390
31.5608
29.4020
26.8413
23.7388
31.9818
28.7151
24.6552
18.9972
28.7372
25.9441
22.7776
19.2651
20.7210
17.5378
12.5008
9.9598
27.5519
23.0043
17.9146
12.7481
27.3720
23.6043
18.3078
10.6408
31.4300
26.6569
19.4378
13.8533
26.4415
19.8644
12.9552
6.9762
33.4771
29.7740
13.7348
9.5927
19.1306
21.1220
10.9244
10.4141
23.2235
17.2711
13.2297
10.8882
7.9942
8.7896
9.4069
10.5376
25.3495
24.2487
18.8503
19.4082
14.8881
11.7571
9.6611
5.8651
31.9121
29.2600
26.3724
23.2266
36.5969
34.2147
31.4387
28.4606
23.5677
20.7835
17.5181
14.5676
39.5821
36.6170
33.0802
28.8266
36.6522
31.9402
26.1262
19.4885
30.5681
27.3831
24.0037
19.9548
23.8371
20.5031
15.4006
10.4265
27.7669
22.6753
17.2095
11.8170
29.4261
24.2163
17.9652
10.9315
34.7947
28.2391
20.1168
13.8016
33.9618
29.2971
18.3185
9.2512
16.7511
33.5558
18.1243
14.0576
35.7808
12.8087
17.6272
9.8695
23.2246
16.6621
12.6351
9.8458
8.3656
9.3484
9.0223
9.1861
29.0691
25.8087
23.4526
16.2332
15.3660
12.9839
9.7689
7.2710
30.2414
28.2883
25.8017
23.4196
33.5670
31.5535
29.2071
27.0671
24.2344
21.6433
18.7487
15.9434
34.9021
32.5931
29.9045
26.7442
32.5146
29.3005
25.5098
20.4869
29.1421
26.4202
23.4547
19.7172
22.1642
17.6951
16.9928
12.7775
24.8887
20.4018
16.0038
11.8005
28.0328
24.5096
20.1266
12.4416
32.6789
27.8666
21.4200
16.0690
27.3799
19.7347
14.0981
8.8579
35.9158
32.0884
16.2297
8.3201
28.1194
19.7510
14.5404
21.0069
25.6175
20.4527
17.9017
14.1198
9.6854
10.8747
11.1678
11.2518
26.1756
25.6365
19.2613
23.1696
15.0646
12.1590
9.3149
6.3501
31.5216
29.0769
26.2797
23.4305
35.0316
32.8643
30.3195
27.9384
24.1546
20.8776
17.9009
14.7298
34.9409
32.7643
30.4616
27.4641
34.6971
30.9191
26.3614
20.1589
31.1175
27.8707
24.5309
20.4674
27.2059
25.0170
20.4071
13.7932
26.8453
21.7557
16.2170
10.7236
28.3194
23.2545
17.4715
10.2032
32.9370
27.9268
19.7714
13.9989
35.5952
33.6260
27.3836
17.6301
35.4167
14.6545
31.4758
27.7773
36.6530
20.7547
22.9362
10.4892
22.0818
14.1523
11.3235
7.5055
10.3242
11.3380
11.3852
10.1898
27.0507
26.9568
19.6175
23.6270
16.7518
12.7552
10.9647
7.0012
33.8632
31.1340
28.3462
25.3661
37.9556
35.8811
33.5576
30.7157
25.7390
22.6495
19.7014
16.4365
41.0691
38.3986
35.2113
31.0936
38.3191
34.4586
29.4862
22.0272
31.1873
28.5486
24.9399
20.7063
27.8712
22.4377
18.1477
12.9625
31.4594
26.2493
20.1760
14.0843
30.9030
26.1137
20.1236
11.4751
35.8887
29.9673
21.6423
15.7928
36.7337
31.2548
22.4250
13.8186
36.4244
35.8797
30.7011
14.2640
36.7647
17.1569
15.9286
12.4164
24.8669
17.7229
13.6006
10.6589
10.4508
11.5369
13.1124
12.7879
31.2165
29.2885
25.3291
22.9845
14.6899
12.4571
8.9665
6.5951
35.4962
32.6260
29.2936
25.9449
39.1515
36.3539
33.2631
29.7425
28.3650
25.2266
22.1219
19.0567
38.3371
35.2196
31.5500
27.5761
38.1422
32.9934
26.8912
20.0752
34.0312
30.5063
26.8663
22.6867
26.2159
24.7965
19.9108
14.5242
34.2059
28.8390
23.2728
17.6428
32.9776
27.5913
20.7392
13.0972
39.4509
33.2315
24.9624
19.4087
30.4758
23.5608
16.3386
11.3998
25.5142
31.5729
17.9714
14.3038
29.7816
31.2626
16.2046
12.4231
32.0763
24.6280
22.7635
19.0482
11.9021
12.4720
12.3500
14.2517
31.0762
27.9571
21.3175
19.0263
21.3054
13.6809
16.4308
7.8908
26.2903
24.1051
21.6112
18.9802
30.2692
28.0287
26.1513
23.4980
19.3528
16.3524
13.6914
10.3799
34.0045
31.3614
27.8719
23.8196
29.6245
26.1589
22.2087
17.0857
25.3061
23.0425
19.9277
16.8661
17.9863
13.2704
9.5658
6.7339
23.8449
19.4841
14.9685
10.4325
24.0772
20.3892
15.9514
9.5973
28.6754
23.2122
16.1072
10.5241
23.0197
14.5321
6.5071
3.6275
30.1073
28.9961
11.2074
11.0346
15.5554
20.3724
9.2910
14.7655
23.9819
17.4845
14.1121
11.5366
7.5394
6.7536
6.2973
5.8526
21.5793
20.6912
15.1649
18.4041
14.1937
11.3574
8.6802
5.8435
32.7084
29.5608
26.7272
23.2954
37.3252
34.6942
31.6217
28.2541
24.0256
21.0153
18.1158
14.9342
39.9642
36.4818
32.0180
27.3187
37.2395
31.8883
25.7263
19.2437
30.6951
27.0651
23.9268
19.8580
22.8497
17.2928
14.0793
10.8527
31.2479
26.0846
20.1775
14.1738
29.4932
24.5037
18.1705
10.8926
35.2437
28.7607
20.5917
13.7847
28.0466
19.4725
12.5223
6.5722
35.4174
16.3083
12.1117
9.7964
33.5331
15.6027
8.3997
16.5932
24.1841
17.7318
15.1486
11.1696
8.8716
9.5289
9.5549
10.0848
30.5365
24.4410
24.7734
15.1052
14.9612
12.5058
9.0169
6.5989
32.9690
29.7742
27.1174
23.7449
37.1323
34.6338
31.9882
28.5370
24.4803
21.1336
18.0909
14.9094
35.5233
33.0226
30.1306
26.6025
36.9759
32.6381
26.6027
19.4322
29.3994
26.4711
23.1764
19.3301
24.5583
19.4318
16.6205
11.6919
32.0709
26.5823
20.0852
13.7254
29.5762
24.4876
17.6927
10.5512
34.1957
28.3864
20.3427
14.5226
34.4097
28.1295
19.7368
10.4700
20.4004
32.7926
29.9933
9.8248
31.5804
34.2016
20.5745
12.2021
23.9452
16.2648
13.1190
9.4101
8.5943
9.7256
10.6895
9.8140
29.9622
28.5599
23.0267
17.3480
16.4932
12.9295
10.6299
7.0781
32.2452
29.9879
27.4529
24.4794
36.1094
34.1689
31.6709
29.1662
24.8766
21.8067
18.9391
15.9714
36.0382
33.1423
30.6921
26.4240
36.2090
32.4685
27.8233
21.2415
31.4638
28.3274
24.8767
20.7475
24.1279
20.9270
16.0368
12.3371
28.3619
23.4109
17.8794
12.1446
29.9305
25.8670
20.4543
11.9793
34.1418
28.8324
21.3360
15.4094
32.1885
28.1107
20.5914
12.8207
35.4217
34.0534
14.2996
29.4944
32.8987
25.9330
19.1810
11.5919
23.1661
17.6285
15.2338
12.2142
9.8373
10.7527
12.2513
12.8901
28.6798
26.4983
22.4286
22.2887
14.7543
12.0925
9.3447
6.2623
32.4597
30.2802
27.8291
25.2011
34.5302
32.3218
29.9208
27.2898
28.0904
25.2509
22.5750
19.6521
35.3373
32.9302
30.0286
26.5368
33.3996
29.9193
25.3553
19.2565
29.8549
26.8786
23.3418
19.4551
24.2372
22.6884
19.4211
15.0728
27.5228
22.6740
17.9885
13.1378
30.4301
26.2555
19.8207
11.7712
35.6079
30.8703
25.4591
20.5112
32.6514
24.8137
19.0342
11.6640
38.4071
33.3947
18.8992
14.0815
26.1672
29.5031
25.1187
13.7425
26.5366
19.9006
17.5223
14.6348
9.6671
10.7889
11.3246
11.7990
26.0964
27.2025
17.8877
20.3418
17.3903
12.2282
12.7600
6.3524
30.0133
27.5743
25.0928
22.5218
33.2598
31.2402
29.0252
26.3678
23.5278
20.4467
17.4663
14.3073
34.7795
32.7440
30.3141
27.4372
32.4112
29.0948
25.0433
19.5365
30.4739
27.3687
23.9270
20.1720
20.2574
20.1471
15.6107
13.9160
26.8053
22.0616
16.8765
11.4042
27.9501
23.9142
18.4577
10.6307
32.3071
27.7589
19.7393
14.0238
31.7436
27.5168
19.0558
10.0736
34.6438
32.4828
30.3670
7.9452
18.3809
22.0929
13.0373
20.9182
23.4136
16.3290
11.9737
8.3029
8.1657
9.5551
9.3121
9.8644
24.8374
24.5071
18.4255
21.0209
15.3370
12.2464
9.7647
6.5263
30.5991
28.3114
25.5785
22.6004
34.1692
32.0819
29.5851
27.4171
23.0443
20.4966
17.2434
14.0684
35.7177
33.5962
31.1674
28.1057
34.1012
30.5355
26.1052
20.2733
29.4598
26.5129
23.3246
19.5511
22.4816
19.7377
15.8368
12.2637
26.7590
22.0302
17.1492
12.3138
28.2675
24.0447
18.9227
11.4313
32.4214
27.5596
19.6950
14.3564
30.9036
25.1311
15.6585
8.0105
29.2705
33.4085
30.2996
10.7155
27.7026
21.7247
17.9795
9.9845
23.6800
19.0212
14.3566
11.9631
10.5744
10.9111
10.7364
10.7198
27.1184
26.0422
20.5890
23.1355
15.6335
12.3255
9.8476
6.5435
31.4268
28.9271
26.3255
23.5490
34.6935
32.4162
30.3049
27.7959
24.2165
21.3404
18.3206
15.2605
35.7442
32.8661
29.4486
25.8393
34.4155
30.8991
26.7437
20.8827
30.9189
28.1637
24.6573
20.7168
21.6070
17.7359
14.5660
10.8097
28.5307
23.9369
19.1600
14.3465
29.6811
25.7563
20.7670
12.5154
34.0030
28.5721
21.1313
15.4135
25.6874
19.3536
14.8006
9.1577
35.3718
20.9650
15.4134
13.3863
32.3959
19.5205
13.7083
16.9026
26.3292
22.2735
18.1958
15.3791
8.9482
10.3196
11.2919
11.1117
27.5514
26.7842
20.3005
24.0119
15.6651
12.7154
9.9760
6.9428
30.4412
27.7571
25.1939
22.2629
33.7077
31.7415
29.3998
27.0074
22.9408
19.9154
16.7992
13.4389
30.8878
28.5619
25.9063
22.9941
33.5411
29.9971
25.9369
20.3720
29.1762
25.9939
22.8960
19.1998
21.9913
18.1190
14.2305
8.8279
27.7691
23.0318
17.6934
12.0992
28.0651
23.5905
18.3475
10.8418
30.4175
26.0976
19.0074
13.2856
29.8895
25.8913
15.9497
7.4616
32.8841
31.2898
30.1012
9.3015
14.1976
11.9516
12.7932
19.0599
22.7851
16.7238
12.9647
9.6932
9.7858
9.3876
8.7372
8.4700
25.8431
24.9217
19.2480
22.7504
15.6116
12.3560
9.2279
6.7431
31.5619
29.1348
26.6533
23.9523
33.1402
30.7761
28.5710
26.0105
26.8770
23.9304
21.2252
18.1780
30.8457
28.5740
26.0320
23.2371
32.7123
28.9106
24.4460
19.0855
32.4208
29.4217
25.6656
21.5308
21.9749
19.3376
16.3153
13.3112
30.1022
24.8783
18.5973
12.1957
29.7842
25.1390
19.5590
12.2643
26.3004
23.6125
21.0624
16.3791
33.1987
30.1722
28.9275
24.1598
27.0277
26.6053
25.9167
24.0656
33.8805
28.8163
28.7879
23.5396
23.9242
19.7805
18.1221
16.1771
10.9305
13.4571
14.8107
14.6592
30.2854
19.9943
23.2208
14.1957
18.1220
13.1602
13.0990
7.3881
