34.8603
31.7803
28.8064
25.8135
40.7913
37.7624
34.8342
31.7926
34.7832
31.8054
28.7773
25.7710
34.4665
31.4043
28.6449
25.5079
34.7841
29.8031
24.8012
19.7990
34.7296
31.8042
28.9203
25.7707
33.5403
31.3747
28.0516
25.2974
30.4650
26.6019
24.0550
22.2914
32.8353
29.0338
25.9503
22.7667
31.9585
28.7633
25.7280
23.6522
31.6359
28.6608
25.4854
22.4568
32.4649
28.5006
25.2380
22.6117
30.8668
28.4284
25.6480
22.1374
30.9755
28.2632
26.5240
24.7349
25.8532
26.5588
26.6858
27.0268
29.4410
23.4448
19.9056
17.5174
31.5768
29.6305
24.7966
23.6158
34.8405
31.8286
28.8553
25.8985
40.7907
37.8290
34.8925
31.8789
34.8835
31.8334
28.7645
25.9038
35.0867
32.0890
29.0332
25.9327
34.7930
29.8296
24.9457
20.3004
32.9942
29.7333
26.7437
23.7993
35.8099
33.2444
32.3820
27.0771
36.4800
32.6558
29.9789
27.8510
35.5070
33.0904
30.5115
25.3461
36.1661
33.2956
30.3223
28.2475
32.3708
29.4986
26.7352
23.9113
32.0397
28.0441
25.3095
21.9752
31.8574
29.3494
25.3345
22.5006
35.3028
32.7964
31.8309
29.9462
27.4125
27.7057
27.0596
28.8124
29.4494
23.4810
19.9279
17.8383
36.1572
33.2105
30.1790
27.2085
34.9114
31.8590
28.8360
25.8534
40.7562
37.7933
34.8231
31.8303
34.9339
31.8444
28.8653
25.8760
34.2963
31.4780
28.4672
25.4473
34.8197
29.8514
24.8725
19.9511
34.3163
31.2844
28.2634
25.2374
34.8724
32.3168
29.7784
25.1718
37.1379
33.1753
30.1825
27.6570
38.4506
35.1818
31.6441
26.3147
37.9117
34.6711
31.0916
27.9579
32.4395
29.5301
26.3220
23.5884
32.0291
28.7613
26.2905
22.5123
31.8048
30.2287
25.4111
21.8833
34.7150
32.0732
30.9165
29.5219
27.0014
28.7622
28.5247
27.9988
29.5650
23.5230
20.0424
17.6503
32.5863
29.3418
25.9896
23.3306
34.8520
31.7995
28.8323
25.8722
40.7776
37.7811
34.8700
31.8058
34.8652
31.7761
28.8403
25.8506
34.6428
31.8069
28.6280
25.4397
34.7950
29.8345
24.9103
20.0021
32.9228
30.2036
27.2517
24.2177
34.9190
33.1258
29.0062
25.0161
38.5783
34.6595
31.6123
28.9266
37.0838
35.0439
32.2335
26.5641
37.9284
35.0663
31.5020
28.4214
32.4243
29.5341
26.0584
23.3543
31.1355
29.8222
25.7114
23.4998
31.5494
28.4777
25.6623
22.2344
38.1486
34.5891
33.3248
31.4734
29.0523
29.5961
30.9529
29.5920
29.4443
23.4768
19.9149
17.7120
33.0351
30.7638
26.3057
24.7561
34.8994
31.9362
29.0111
26.0742
40.7836
37.8043
34.8945
31.8837
34.9599
31.9652
28.9995
26.0165
34.5631
31.4820
28.5248
25.5612
34.8649
29.9801
25.1379
20.2965
33.3070
30.2876
27.2146
24.2013
34.9855
31.6273
27.8128
24.6320
29.7275
25.5954
22.5028
20.1728
34.6318
30.2001
25.0556
20.2976
32.4463
28.5030
24.9035
22.4953
32.0642
28.9510
25.9832
22.8153
31.8402
28.5225
26.3079
21.4301
38.8284
28.4417
25.6663
22.3841
28.6893
25.3927
23.5092
21.4376
22.7630
24.5891
26.7314
29.8666
29.5190
23.6565
20.0192
18.1692
29.9796
26.7602
24.0136
20.7313
35.0040
31.9673
29.0043
26.0071
40.7132
37.7345
34.7487
31.7271
34.9758
31.9208
29.0383
26.0627
34.6701
31.6208
28.4620
25.7876
34.9345
29.9957
25.0316
20.0415
32.2768
29.1968
26.2431
23.2273
33.8866
32.0158
28.7996
25.7110
30.3176
26.4744
23.9547
22.1356
33.8066
29.7516
25.8179
21.7711
32.7243
29.1870
25.9842
23.8544
31.7512
28.6425
25.5325
22.4288
30.7469
28.2064
25.7212
22.3456
32.1377
28.7932
25.3827
22.3025
30.2418
27.0057
25.5922
23.9820
24.9861
26.0762
26.7820
27.2964
29.8272
23.4352
20.4855
17.4641
29.9931
25.8094
24.0300
19.8003
34.8432
31.7936
28.8299
25.8116
40.7625
37.7785
34.8193
31.8234
34.8409
31.8390
28.8023
25.8011
34.4650
31.5261
28.4235
25.5579
34.7828
29.8101
24.8152
19.8279
34.6201
31.7421
28.7288
25.7778
35.3260
31.3744
28.0493
25.1904
35.6416
31.3255
27.5190
23.9587
37.7625
34.1284
30.0157
25.0644
36.9857
33.4716
29.3774
26.3310
32.3473
29.4375
26.1235
23.0007
32.1128
28.3518
26.1743
22.3024
31.4048
28.5624
25.4386
22.5755
33.1821
29.9948
28.1334
26.6894
26.1104
27.0821
28.0364
29.1767
29.4483
23.4576
19.9268
17.5813
31.6673
29.4309
25.0836
23.4219
34.9380
31.9131
28.9689
26.0275
40.7033
37.7524
34.7794
31.7729
35.0162
31.9672
28.9780
26.0210
34.7190
31.6967
28.6987
25.7592
34.8748
29.9484
25.0433
20.1495
32.4015
28.8690
25.8016
22.7922
34.4078
31.7729
28.5868
25.0561
28.1562
24.0935
21.3000
19.2093
34.1755
30.4221
25.9797
20.8789
32.4150
28.4469
24.8243
22.5034
31.9757
28.5862
25.6091
22.5379
32.6284
28.0411
25.9489
23.0098
30.9086
28.1912
25.7741
22.4070
27.9559
24.4983
23.4215
21.1960
22.5344
24.2705
25.6026
26.6780
29.7120
23.4446
20.3954
17.5401
28.8558
25.1804
23.2928
19.1727
34.8498
31.8127
28.8351
25.8122
40.8010
37.7748
34.7927
31.7821
34.8612
31.8366
28.8472
25.8006
34.4094
31.4470
28.4967
25.6728
34.7915
29.8105
24.8187
19.8869
34.3487
31.5226
28.4650
25.4195
35.2937
32.0582
27.9503
25.1871
34.3263
30.0725
26.6695
23.8016
37.0029
33.6808
29.9761
24.8856
36.2762
32.8286
29.0620
26.3237
31.9318
29.1211
25.8267
22.7816
32.8950
28.4051
25.4259
22.5162
31.4501
28.3390
26.4267
22.1141
32.1878
28.9140
27.5245
25.6582
25.0153
26.2028
26.5966
27.5711
29.4577
23.4412
19.9339
17.4875
29.9329
27.8077
23.4166
21.7871
34.8723
31.8345
28.8493
25.8537
40.7409
37.7472
34.7664
31.7725
34.8787
31.8404
28.8084
25.8503
34.7955
31.8779
28.8989
25.9997
34.8169
29.8481
24.8446
19.8107
33.5362
30.5591
27.4876
24.5709
35.1725
31.8598
27.9654
24.7791
34.9831
30.8479
27.7199
25.1825
36.7801
33.3059
29.2951
24.8810
36.5946
33.0157
29.2613
26.4612
31.9443
28.8404
25.6302
22.6311
33.6814
28.4443
25.3993
22.1754
31.4955
28.7731
25.6705
21.7749
31.6779
28.7023
27.1270
26.0411
25.3549
26.3941
27.1322
28.8641
29.5230
23.4421
20.0130
17.5346
31.0596
28.2706
25.0123
22.2442
34.8833
31.8864
28.9812
26.0493
40.7975
37.8310
34.8860
31.9133
34.8481
31.9238
28.9309
26.0444
34.9106
31.8940
28.9167
25.9732
34.8265
29.9507
25.0680
20.1370
33.8476
30.7381
27.7002
24.5794
34.7211
32.4385
29.1468
25.1274
31.7363
27.8932
25.2340
23.2235
34.5659
30.8644
26.8218
22.2933
33.5193
30.0491
26.9104
24.5728
31.8178
28.5935
25.8051
22.7182
33.3184
28.1645
25.2465
22.2922
31.1525
28.6954
25.1795
22.7177
29.5285
27.3012
25.5416
24.3339
25.0164
26.3984
26.7142
27.5526
29.4791
23.6824
19.9419
18.1547
30.5223
28.1903
24.5877
22.1733
34.9253
31.8771
28.8566
25.9449
40.7589
37.7677
34.7989
31.7930
34.9057
31.9037
28.8433
25.9560
34.6956
31.7389
28.8080
26.0154
34.8728
29.9108
24.9655
20.1719
32.2453
29.1064
26.2151
23.1690
34.5707
30.7311
29.2741
25.3669
34.3351
30.3318
27.3995
24.8142
36.1006
33.3214
29.9918
24.5850
36.5432
33.2286
29.9483
27.4575
31.8236
28.9550
26.0942
23.1563
44.8390
28.3769
25.7720
22.8410
33.0578
28.4518
25.6500
28.9490
33.7892
30.0926
29.0663
26.8982
24.9598
26.2958
26.9735
27.4046
29.6425
23.4316
20.1887
17.4230
29.9055
27.2243
23.2955
21.2247
34.9088
31.8784
28.8613
25.8762
40.7280
37.7526
34.8053
31.7635
34.9144
31.8330
28.8894
25.8791
34.8868
31.8249
28.8969
25.7618
34.8403
29.8706
24.8878
19.9469
34.4510
31.2105
28.1683
25.1428
34.1699
31.2300
28.4283
24.7648
27.5584
24.0130
21.7747
20.2664
31.7475
27.4856
23.5548
20.2695
29.9335
26.3595
23.5611
21.7438
31.8410
28.6624
25.5341
22.4911
31.3753
28.1920
26.0236
22.0461
31.8880
28.2611
25.0054
22.0815
26.7851
24.0162
23.0555
21.5015
25.0351
26.7183
27.8117
27.6637
29.5861
23.4504
20.1011
17.5277
30.8717
27.0689
24.5942
21.0445
34.8572
31.8121
28.8260
25.8835
40.7896
37.8007
34.8048
31.8438
34.8810
31.8109
28.8435
25.8919
34.6662
31.6496
28.6586
25.7355
34.7955
29.8330
24.8957
20.0041
32.8292
30.0459
27.0923
23.9703
34.8789
31.5339
28.6463
24.5910
32.0443
28.0554
25.1074
22.8851
33.8608
30.3069
26.6427
22.8127
33.1463
29.8686
26.5667
24.2596
32.2202
29.1118
26.3514
23.3449
39.8934
42.8462
25.4569
22.4958
32.0727
28.4758
25.9894
23.2391
29.7266
26.8427
25.3472
23.6237
25.3674
26.8813
28.6391
28.7983
29.4586
23.4698
19.9587
17.6553
29.9958
27.7174
23.7084
21.7053
35.0909
32.0920
29.1658
26.2636
40.7290
37.7757
34.7998
31.7954
35.1188
32.0729
29.1649
26.2268
34.6624
31.7607
28.8929
26.1652
35.0389
30.1462
25.3412
20.5752
32.6682
29.5245
26.5157
23.4925
34.2928
33.2258
29.0422
24.4418
35.6847
31.8249
28.8163
26.0280
36.4986
33.4176
29.2154
22.6312
36.6114
33.6260
30.3817
27.6915
32.2093
29.3226
26.0917
23.1295
31.5443
27.9484
26.1666
22.9647
32.0803
28.6956
25.4603
22.5746
34.2462
31.1652
30.1477
28.4311
24.6382
25.4650
25.7894
27.9301
29.8717
23.7012
20.3632
18.1898
32.4086
25.0700
26.5466
19.1009
34.8527
31.8256
28.8183
25.7870
40.7732
37.7759
34.8114
31.7989
34.8656
31.7731
28.8422
25.7249
34.7389
31.6879
28.6902
25.8179
34.7986
29.8248
24.8009
19.7548
33.7083
31.0067
27.8867
24.9549
34.7533
31.1383
27.3197
24.9382
35.2817
31.5122
29.0661
27.2073
35.9013
32.8872
29.9547
26.3379
36.0806
32.9606
29.6538
27.2509
31.7116
28.6152
25.5138
23.6325
33.0355
28.1303
25.3344
23.3760
31.4586
28.7642
25.4170
21.9115
34.5801
32.1486
30.5238
29.1459
27.9380
27.8228
27.3331
27.2494
29.4792
23.4282
19.9938
17.4256
32.0042
29.3183
25.6975
23.3111
34.9560
31.9693
29.1044
26.1448
40.8098
37.8637
34.9302
31.9469
34.9653
31.9251
29.0796
26.1254
34.8626
31.8828
28.9494
26.1434
34.8761
30.0511
25.1594
20.1910
33.5401
30.3024
27.3507
24.3424
34.6262
30.4841
27.0584
24.9113
34.9729
31.0530
28.0438
25.5705
36.7623
33.2954
28.5469
22.7808
36.2100
32.6851
29.1322
26.1882
31.8176
28.6855
25.4485
22.6256
32.1622
28.2771
25.6232
22.4094
31.5866
28.2958
25.2396
23.1018
31.1141
29.0293
29.0149
25.9599
25.7159
26.8067
26.8160
26.7562
29.4389
23.9312
19.9135
18.4992
29.6562
27.3025
23.6841
21.2692
34.8906
31.8285
28.8846
25.9223
40.7566
37.7676
34.8246
31.8541
34.8721
31.8024
28.8307
25.9263
34.5090
31.5080
28.5459
25.6470
34.8163
29.8788
24.9767
20.1947
31.6362
28.7705
25.7802
22.6754
34.5617
30.6049
28.7641
25.4866
31.8118
27.9257
25.0147
22.8295
34.1484
30.2635
26.2924
21.9680
33.4738
29.9357
26.5061
24.2643
31.9895
29.1523
25.8278
22.6358
32.7965
28.9061
25.4342
22.2373
30.3998
28.5174
25.5513
22.7063
29.9285
27.0065
25.8865
23.6935
24.4598
25.7467
26.6162
27.0986
29.5012
23.5403
19.9847
17.8650
32.5941
29.0486
26.2805
23.0521
34.8714
31.8542
28.8663
25.8525
40.7650
37.7879
34.8213
31.8401
34.8812
31.8177
28.8622
25.8857
33.8477
30.9169
28.6527
25.1795
34.8076
29.8546
24.8954
19.9536
34.4263
31.2658
28.3790
25.1813
34.8623
31.9466
28.5994
25.4454
30.4146
26.1542
23.0398
20.7954
35.3244
32.2719
28.6720
23.6736
34.5387
30.7846
27.0007
24.3237
31.7981
28.6552
25.5741
22.5719
30.8737
29.7213
26.0402
22.6452
32.9996
28.5949
25.5457
22.7861
31.0277
28.1733
26.4097
24.6195
24.2552
25.9818
27.8435
28.7947
29.5185
23.4466
20.1113
17.5030
29.5266
26.8022
23.5398
20.7902
35.5857
32.6165
29.6544
26.7233
40.2374
37.2005
34.1912
31.1344
35.6243
32.5979
29.6609
26.7453
34.5371
31.5999
28.7278
25.9536
35.5611
30.6552
25.7203
20.6707
29.5617
26.3376
23.2561
20.2430
31.2895
33.0854
30.2843
23.1243
33.0575
28.9956
25.9053
23.2241
36.3529
31.9826
26.3080
20.0690
36.6995
33.0576
29.5697
27.0916
31.9361
29.0645
25.7864
22.7338
51.4843
28.8903
25.9789
22.3638
31.7181
28.4518
24.8134
22.8353
30.6349
28.0516
26.9763
24.9828
23.1371
24.5442
25.6135
26.2657
32.1225
23.5018
22.8497
17.6640
27.8679
22.7552
22.5812
16.7362
34.8980
31.8494
28.8598
25.8554
40.7650
37.7608
34.8220
31.7838
34.8749
31.8977
28.8664
25.8074
34.5201
31.5150
28.4588
25.6181
34.8292
29.8562
24.8487
19.8194
34.7689
31.7608
28.5794
25.6320
34.7719
32.5789
28.7971
26.6644
31.3602
27.4486
24.7086
22.6126
34.8613
30.8450
26.8154
23.0029
33.3998
30.0778
26.7852
24.3857
31.8900
28.7989
25.7486
22.5142
33.4609
28.6597
25.2775
22.1578
31.4127
28.6883
25.1735
22.4275
29.6484
26.9302
25.2102
23.3739
24.8178
26.2470
26.8175
27.5119
29.5552
23.4423
20.0524
17.5101
31.4904
28.2585
25.0703
22.2452
34.8897
31.8487
28.8212
25.8319
40.7387
37.7505
34.7935
31.7700
34.8512
31.8358
28.8479
25.8592
34.7997
31.7270
28.7255
25.8305
34.8223
29.8477
24.8412
19.8818
33.2464
30.1716
27.2885
24.2871
34.7294
32.0879
29.1738
26.5827
32.8884
29.0069
26.2922
24.2793
34.3718
31.1784
28.2223
24.3568
34.1788
31.0954
27.8734
25.7639
32.0878
29.1286
26.0227
22.9113
32.0196
28.9864
25.1774
22.0475
32.1027
28.8370
25.6138
23.7860
31.9412
29.2397
27.1685
25.9396
26.7385
27.8375
28.3139
29.0746
29.6059
23.4340
20.1069
17.4427
31.3272
27.9421
24.7782
21.9233
34.8691
31.8296
28.8532
25.8582
40.7390
37.7870
34.8167
31.7795
34.9144
31.8757
28.8532
25.8728
34.6412
31.7660
28.9489
26.3392
34.8185
29.8534
24.8827
19.9574
34.3835
31.3772
28.3152
25.2656
34.6367
31.4173
28.4672
25.4227
36.3001
31.9739
28.5075
25.8643
38.5080
35.5132
31.6225
25.6745
38.4288
35.0216
30.9406
27.6776
32.4597
29.7390
26.6480
23.6980
44.3107
28.5556
25.7065
23.2040
32.5167
28.4425
25.7986
23.6606
33.8842
32.1079
29.3967
27.8015
24.5180
25.9535
26.7584
28.0362
29.5600
23.4679
20.1297
17.4868
30.3924
27.4692
24.2267
21.4533
34.8845
31.8030
28.7977
25.7638
40.7595
37.7334
34.7806
31.7702
34.8622
31.8198
28.8730
25.8431
34.6504
31.6759
28.6713
25.8103
34.8042
29.8194
24.7930
19.8079
33.4504
30.5784
27.5221
24.4523
34.8999
31.4303
28.3847
24.7792
32.3150
28.4435
25.7554
23.7557
35.2851
31.5720
27.7571
23.8330
34.4938
30.8395
27.3668
24.9546
32.0636
28.9335
25.8685
22.5962
31.2592
29.1271
25.7600
22.3429
31.3784
28.9163
25.7011
22.4451
30.2146
27.8519
26.1255
24.7444
28.0436
27.9681
27.5108
27.3833
29.5090
23.4339
19.9908
17.4241
33.1989
29.7674
26.3246
23.7500
35.2487
32.2152
29.2719
26.2545
40.3211
37.3377
34.4056
31.4128
35.2150
32.2322
29.3059
26.3047
34.5152
31.5486
28.4883
25.3999
35.1844
30.2594
25.2906
20.2778
32.7695
29.8594
26.7570
23.7225
34.4600
31.7613
28.6691
25.2694
20.5303
17.4767
15.9774
15.1086
38.1672
32.8387
25.2703
19.5228
31.3535
26.2646
22.1357
19.1872
34.8592
30.6514
27.5988
24.0089
29.8066
27.6476
24.3644
21.3248
37.1962
28.9094
27.4079
22.6149
26.9462
25.2825
24.7042
22.7657
20.8534
23.2357
24.9253
27.0813
29.8917
24.2706
20.4681
18.4458
30.9736
24.2596
25.2398
18.3012
