41.1078
36.9804
33.2438
29.5160
49.3270
45.1351
41.0589
37.0799
32.8132
29.2787
25.7686
22.5140
55.5534
50.4726
45.5057
39.8804
49.6962
43.0648
36.2149
29.1215
39.5926
36.3018
32.6264
28.6129
35.7126
33.3224
28.5659
24.1505
33.9621
27.2349
22.2072
18.7754
36.9643
30.4999
24.9531
19.7929
48.0118
37.1821
26.5845
21.8076
39.8024
32.9245
25.2536
19.2180
33.0316
28.4348
25.6400
22.9225
28.9936
25.3013
23.7833
24.1214
29.8075
25.2902
23.3218
21.0740
21.1554
21.8840
22.0801
22.3570
25.3266
19.3196
15.7786
13.3939
28.4377
26.1510
21.2174
19.7119
38.5755
35.1075
31.6721
28.4687
46.0858
42.3204
38.6034
35.0285
31.7221
28.4127
25.1406
22.2028
51.0235
45.7820
40.2629
34.8069
46.5224
40.2093
34.0702
27.5049
35.8732
32.3485
29.0434
25.7106
35.1900
32.2070
30.9151
23.8660
39.0143
32.8235
27.7536
23.9560
36.7109
32.6320
28.4397
21.6150
44.6325
35.8969
28.7857
25.1505
32.8434
26.8659
22.6987
19.5941
32.2673
21.6024
21.0717
18.5957
29.3045
25.3010
21.6384
18.9839
33.6617
29.9664
28.4454
26.2029
22.8825
23.1305
22.5385
24.4211
25.3371
19.3572
15.8024
13.7155
32.6727
29.4038
26.4113
23.1281
38.1639
34.7829
31.4641
28.3241
44.7139
41.2962
37.8994
34.5412
31.5869
28.3096
25.2143
22.1526
46.4678
42.2587
37.6158
32.8871
44.8949
39.2344
33.5491
27.5490
37.3131
34.0597
30.5970
27.1332
32.7796
30.0364
26.8115
21.5406
38.3534
32.4540
27.3771
23.4051
39.5400
34.8776
29.7496
22.5588
44.6321
37.3139
29.6936
24.6820
31.7055
26.4654
21.9503
19.0524
31.4795
22.1741
20.9220
18.0062
28.6381
29.4175
20.6765
16.4246
33.6854
29.2374
27.6455
25.4318
22.4844
24.3028
24.0368
23.5087
25.4613
19.3978
15.9216
13.5242
28.6948
25.2951
21.9306
19.1582
38.5126
35.0222
31.7120
28.3810
45.8062
42.0524
38.5553
34.9262
31.6310
28.2693
25.2092
22.1256
43.3920
39.5766
35.4401
31.4540
46.3628
40.1067
34.0122
27.6244
35.8446
32.9688
29.5269
26.0942
33.7293
31.3504
26.1493
22.1184
39.9772
33.8955
28.6671
24.5196
37.4316
33.7790
29.3756
22.5542
44.5594
35.9735
28.8972
24.5779
29.8276
25.5532
21.3542
18.7880
29.9756
29.2220
20.1557
18.4710
27.7112
24.2989
22.3874
16.6233
36.2247
30.7119
29.2406
27.0228
24.4137
25.0103
26.3298
24.9967
25.3308
19.3532
15.7887
13.5868
29.0834
26.6901
22.2082
20.5452
42.2259
38.2021
34.3316
30.4019
50.3055
46.2180
42.0659
37.7152
33.7207
30.0737
26.5638
23.1116
52.4030
47.9905
42.9730
37.3700
50.3241
43.4662
35.8379
27.6175
38.2919
34.9307
30.9189
26.8314
37.4068
32.5908
27.2433
23.0883
35.2590
27.1653
20.8302
16.5196
38.7396
31.8806
24.2705
17.0500
48.1934
37.9859
26.8937
21.1291
42.5829
35.6775
28.3877
21.2976
31.6493
28.3814
19.9176
21.0471
47.9167
30.3246
23.0790
19.8259
27.0892
22.3540
19.9255
17.3695
18.3710
20.1690
22.3570
25.4603
25.4302
19.5555
15.9132
14.0833
26.9173
23.1749
20.4992
16.6943
40.1311
36.2120
32.6055
29.0213
46.1151
42.5713
38.8549
35.1596
32.8113
29.2090
26.0215
22.7566
50.4326
46.2200
41.5216
37.3796
44.9302
39.2450
33.1743
26.6570
36.1439
32.6508
29.1609
25.5335
33.2799
33.2337
28.3642
24.2412
32.7518
26.5990
21.9016
18.6213
36.7076
30.6771
24.7227
18.6439
47.2537
37.2492
26.9565
22.1254
38.6194
32.1122
25.2208
19.2859
29.9749
27.5365
24.9573
19.9030
36.6044
27.6985
23.3253
20.3598
29.3633
24.4440
22.4201
20.2605
20.7183
21.7895
22.5532
23.1400
25.7280
19.3097
16.3691
13.3395
26.5345
21.9828
20.4371
15.8242
39.9757
36.2042
32.6265
29.1203
47.2525
43.4736
39.8472
36.1161
32.4196
28.9897
25.6191
22.3823
53.7025
48.9600
43.1642
37.5542
47.6746
41.6469
35.3810
28.6241
39.0644
35.7297
32.0728
28.3766
34.7995
30.0193
25.8282
22.3579
36.6453
30.1440
24.0922
19.1987
39.9713
34.3680
28.2033
21.0792
46.8641
38.0406
28.1657
23.0145
33.5277
27.3981
22.1774
18.3253
30.5482
27.2222
24.2870
17.1324
29.8438
24.8837
21.0712
18.3336
31.5515
26.6627
24.0506
22.3688
21.6089
22.6225
23.6643
24.9459
25.3348
19.3322
15.8017
13.4615
27.9187
25.4422
21.0314
19.1497
41.5563
37.6919
33.7849
30.1004
48.6387
44.7380
40.8293
36.8006
33.7131
30.0619
26.5173
23.1910
49.3023
45.3358
40.8750
36.1010
48.6052
42.0927
35.1770
27.6772
37.1203
33.1919
29.3103
25.6122
36.8308
33.3934
28.6864
23.6953
31.3755
24.5221
19.1107
15.1704
38.2169
32.5603
25.8018
18.0994
47.0587
37.5257
27.6918
22.1087
39.6566
33.0212
28.4761
21.5249
32.4978
27.7781
26.0282
16.2159
28.2940
32.0494
25.5629
18.9982
26.5997
21.4357
20.0984
17.1468
17.9733
19.8370
21.1869
22.1337
25.6763
19.3203
16.3352
13.4186
25.5226
21.3529
19.7524
15.0100
38.9615
35.5478
32.1651
28.8694
45.9703
42.3680
38.8317
35.4593
32.0303
28.7035
25.5250
22.2959
48.2214
43.5922
38.5932
33.6368
46.1223
40.3838
34.5999
28.3609
38.0927
34.9262
31.3416
27.6808
35.0475
30.6273
25.5271
22.5754
36.0928
29.2637
23.4070
18.9836
39.2965
34.2258
28.6364
21.1185
45.3483
37.8195
28.7762
23.7742
34.8009
28.2692
22.4144
18.0949
32.5764
27.8635
24.6362
18.3634
29.3984
24.6277
22.5733
22.4895
30.6401
25.4513
23.3199
21.3631
20.3021
21.7163
22.1523
23.2255
25.3473
19.3182
15.8122
13.3634
26.0235
23.7109
19.3205
17.4695
39.0594
35.4568
31.9889
28.6270
46.0154
42.3716
38.7218
35.1326
32.0223
28.6554
25.3865
22.2738
45.3005
41.2059
36.9748
32.8414
46.1786
40.1514
34.0635
27.7616
36.9491
33.8325
30.3519
26.9619
34.4430
30.1131
25.2697
21.7161
37.5468
30.7933
25.1525
20.9507
38.3449
33.0312
27.2918
21.0997
45.2873
36.8676
28.2898
23.5132
33.5984
26.8768
21.8086
17.8422
32.8203
27.4762
20.7980
16.8881
28.4784
25.6495
20.0235
21.4952
29.7856
25.3272
23.1265
21.8420
20.8813
21.9941
22.7389
24.5276
25.4227
19.3201
15.8923
13.4109
27.2434
24.2348
21.0279
18.0168
40.0812
36.3944
32.8547
29.3220
47.7945
43.8652
40.1025
36.1573
32.4303
29.0928
25.7749
22.6466
53.9721
49.1321
43.6832
38.0178
48.2667
41.6354
34.5084
27.0721
37.7824
34.1734
30.5448
26.5711
35.5444
32.1234
27.2015
22.4284
35.3117
28.6697
23.3995
19.6407
37.3308
31.7631
25.5923
18.9352
46.9018
36.7499
27.5871
22.5489
37.6218
31.7212
24.3676
19.0462
29.4434
27.7425
23.2873
19.7030
33.6844
24.1638
21.9264
19.1830
28.4589
24.3239
21.9564
20.2785
20.7861
22.1793
22.5016
23.2437
25.3681
19.5611
15.8200
14.0332
26.9414
24.4249
20.8094
18.1580
38.6466
35.0142
31.6264
28.4772
45.6459
41.7974
38.1650
34.6927
31.7752
28.5626
25.2561
22.3006
48.7800
43.9442
38.8513
34.0035
45.4644
39.3503
33.3245
27.0789
35.2538
31.9344
28.7062
25.0376
33.2489
28.4531
26.8767
22.3368
33.5718
28.2674
23.7800
20.1498
36.7262
32.5185
27.9997
20.8689
44.9661
35.9150
28.7287
24.6785
32.3875
26.5552
22.0742
18.6953
46.2175
28.2438
20.8569
19.5471
32.0840
26.2694
22.1012
30.7748
32.1212
26.9546
25.1266
22.5320
20.2519
21.6240
22.4084
22.9754
25.5368
19.3055
16.0704
13.2959
25.9479
23.1526
19.2068
17.0398
41.9005
37.6073
33.5710
29.7932
49.7892
45.4797
41.2187
37.0131
33.4083
29.5986
26.1770
22.7298
50.9576
46.9859
42.6929
37.6266
49.5300
42.8099
35.7412
28.4112
39.5725
35.8546
31.8821
27.9569
38.2927
34.6982
29.9671
24.3176
33.1513
26.1886
21.0361
17.6375
36.1534
29.5837
23.5506
17.8690
47.7583
36.7684
26.1688
21.0846
45.5856
37.9958
30.6326
22.3354
31.5050
22.2984
26.2292
22.3808
37.9815
28.5750
25.9603
20.0200
26.0236
21.3899
20.0157
17.9682
21.4638
22.9433
23.7911
23.3139
25.5241
19.3255
16.0220
13.4066
28.1642
23.8223
21.5260
17.4464
40.7791
36.7658
32.9774
29.4180
49.2361
44.8709
40.8721
36.7861
32.7661
29.1233
25.7783
22.5608
54.5671
49.6341
43.9874
38.1283
49.6769
42.7527
35.7827
28.5216
36.5194
33.7430
30.3156
26.4192
37.2273
31.6996
27.5399
22.5466
36.5087
29.1117
23.2414
19.2179
36.7978
31.1780
25.4897
19.5212
47.3488
36.4493
26.7760
21.9389
39.5414
32.9502
25.5637
20.1107
41.3776
47.9732
24.7254
18.8445
36.2219
26.0987
24.3108
19.7786
28.0609
23.5735
21.4334
19.4369
20.9120
22.3949
24.1249
24.1654
25.3511
19.3477
15.8383
13.5392
26.4164
23.9460
19.8743
17.6641
38.3172
34.8947
31.5628
28.3288
44.3799
40.7386
37.2319
33.6595
31.9541
28.6466
25.5928
22.5928
44.4171
40.1579
35.7475
31.4806
43.8208
37.8786
31.7431
25.1260
35.7319
32.0884
28.6449
24.9149
32.4649
31.7261
26.7358
21.2502
36.3729
30.6016
25.5812
21.4922
37.4596
32.5646
26.5110
18.6785
44.6898
36.7494
29.0768
24.6546
32.4481
26.8009
21.9186
18.4313
28.2671
27.9505
20.8027
17.5567
30.4138
25.7343
20.9986
18.2571
32.8948
27.8556
26.3940
24.2888
19.9811
20.8915
21.3337
23.4282
25.7713
19.5765
16.2433
14.0606
28.6126
20.9575
22.6069
14.9119
38.5582
35.0042
31.6331
28.2954
45.7490
42.0286
38.4544
34.9533
31.7209
28.3087
25.2409
22.0240
51.4169
46.3799
41.2901
36.4619
46.0095
39.9418
33.9361
27.8616
36.7385
33.8715
30.4577
27.1022
33.9687
29.3378
24.8645
21.7604
36.8350
31.1352
26.7798
23.6100
37.1762
32.6790
28.1543
22.9903
45.4315
36.2522
28.3304
24.2379
32.5600
26.0679
21.6757
19.6329
32.8509
28.4447
21.6237
19.9794
28.7564
28.2108
21.5672
24.0451
33.5825
29.5278
27.2476
25.5042
23.6692
23.5653
23.0778
22.9329
25.3661
19.3022
15.8669
13.2986
28.1953
25.3830
21.7812
19.2734
39.4618
35.8099
32.4285
28.9022
46.6183
43.0049
39.1528
35.2993
32.1632
28.7802
25.7388
22.5968
52.2473
46.6590
40.9606
35.7266
47.0790
40.4403
33.3044
26.0985
36.7370
33.1584
29.7724
25.9909
33.9600
27.9717
23.8889
21.4112
38.1724
31.2549
25.5344
21.3973
37.8421
32.6520
26.1499
18.8682
45.7635
36.7195
28.1044
23.0438
34.1376
26.6606
21.5041
18.0370
31.4090
25.5061
20.3689
17.4332
35.1972
25.2167
20.0492
19.6934
30.0255
25.8305
24.9879
21.7842
21.3324
22.3641
22.3327
22.0977
25.3273
19.8119
15.7899
14.3726
25.7409
23.2854
19.6460
17.1157
40.6416
36.5857
33.0709
29.2766
48.2196
44.3154
40.2956
36.2772
32.6981
29.0767
25.7490
22.5905
48.3855
44.3277
39.6265
34.7567
48.5883
42.0328
35.1125
27.6383
35.0961
31.9332
28.5564
24.8608
35.3681
30.1688
27.4023
22.8865
37.4898
29.5491
23.3119
19.1588
36.8291
30.6297
24.5958
18.4491
45.8893
36.4698
26.7804
22.0115
39.6015
32.6012
24.5830
18.9659
26.4855
28.3851
25.2145
16.1402
30.5254
30.9883
23.2484
20.2520
28.5453
23.6167
21.9176
19.5104
20.1285
21.4920
22.3705
22.8832
25.4090
19.4217
15.8763
13.7473
29.4668
25.4231
22.7219
19.0460
40.2742
36.5224
32.9916
29.3919
47.6239
43.9239
40.1569
36.4312
32.7273
29.2384
25.9209
22.6849
52.7744
47.2238
42.4712
35.0945
47.9332
41.7142
35.3108
28.3794
39.3675
35.5088
32.0018
27.8406
35.5648
31.3879
26.6003
22.8848
32.0219
25.3550
19.9913
16.3276
38.2331
33.2263
27.7093
20.5326
46.5041
37.3862
28.2138
22.9040
36.7989
31.6126
25.1235
19.2437
30.8363
29.7481
19.3264
21.9682
32.3706
28.4927
24.2479
18.3389
29.0634
24.8851
22.7636
20.7060
19.6409
21.2966
22.9911
23.8012
25.4141
19.3221
16.0021
13.3800
25.8781
22.8921
19.5849
16.5797
36.9962
33.8600
30.5464
27.3519
40.2238
36.9087
33.5854
30.2601
32.7243
29.4645
26.3533
23.3145
46.9480
42.4272
37.5275
32.6300
38.8362
33.5869
28.1327
22.3123
32.9808
29.3988
25.5783
21.9607
27.8401
31.2362
27.7959
19.4707
33.0035
27.2852
22.4696
18.6681
35.2689
29.8345
23.2662
16.1599
46.7281
39.0011
30.3783
25.3398
35.6306
28.3288
22.6422
18.3511
51.9024
28.4933
21.6821
17.8634
30.1324
32.2776
22.1084
17.4011
29.0490
24.6308
23.1243
20.8628
18.5690
20.0311
21.0531
21.5625
28.0404
19.3791
18.7404
13.5403
23.9256
18.6648
18.5534
12.5793
39.4628
35.9586
32.4674
29.0892
46.1860
42.5873
39.1811
35.5832
32.4263
29.0976
25.7146
22.3656
52.2970
48.1180
42.9802
37.7825
45.8544
40.2098
34.3650
28.0071
39.1901
35.9487
31.9156
28.2943
34.1748
32.1501
27.1664
24.7733
34.9654
28.1551
22.7960
18.9774
38.7024
32.5951
25.9448
19.8580
45.9136
38.1593
28.0585
22.5602
39.2376
32.5786
24.7070
18.9896
33.1562
28.2850
25.1141
15.9190
29.3084
26.6511
21.0201
21.0850
28.5469
23.8435
21.4232
19.1974
20.4828
21.8981
22.4916
23.1228
25.4561
19.3170
15.9350
13.3887
28.2500
24.5737
21.4714
18.2502
39.4589
35.7383
32.1461
28.7537
46.6833
42.9267
39.0564
35.4727
32.1284
28.7617
25.4692
22.3128
50.7456
46.0513
41.1024
36.1211
47.1076
40.7715
34.4344
27.9725
36.7447
33.3993
30.0695
26.5459
34.7474
31.6155
27.4536
24.1488
35.4047
29.1494
24.0385
20.4006
36.5170
31.3230
26.6689
21.0603
45.4417
36.2081
27.4915
23.4077
36.8416
29.9547
23.5062
18.7898
31.1114
28.7722
25.2054
17.6737
31.5904
27.7038
23.1662
20.9368
30.6390
26.4315
23.6714
21.8023
22.4516
23.3879
23.8488
24.6216
25.5043
19.3086
15.9913
13.3170
27.6501
24.0555
20.9119
17.8665
38.3206
34.9186
31.7203
28.3791
44.9803
41.4767
38.0276
34.6232
31.7077
28.4802
25.2969
22.2030
48.9057
43.2604
37.7135
32.9650
45.3118
39.5256
33.7204
27.5838
37.6153
34.2703
30.7994
27.2409
32.6784
28.6253
25.2015
21.8745
37.2841
30.9989
25.5009
21.5522
39.3655
34.8521
29.6227
21.9719
45.0051
37.4387
29.4930
24.4796
32.2712
27.1412
22.8538
19.2415
47.2258
25.0558
21.2294
18.3076
31.0769
26.9362
20.4493
19.8713
31.8598
28.8894
25.8770
23.7533
19.8421
21.3807
22.3614
23.4867
25.4508
19.3418
16.0071
13.3600
26.4719
23.4237
20.1697
17.2807
40.0882
36.2298
32.5937
28.9685
47.5387
43.5140
39.7553
35.9938
32.4090
28.8868
25.6687
22.4069
45.5343
41.5245
37.3898
33.4194
47.8052
41.5038
35.1044
28.5339
37.2829
34.0934
30.5419
26.8750
34.6504
30.1870
26.1008
21.5355
36.1701
29.2920
23.9070
20.1311
37.7090
31.8512
26.2476
20.5637
45.0901
36.2975
27.3406
22.5157
37.0342
30.5935
23.6745
18.6725
31.2663
29.2037
25.3839
17.0722
26.7237
24.3930
21.4281
18.9304
29.5024
25.1376
22.9441
20.8718
23.3533
23.4372
22.9960
22.8969
25.4151
19.3077
15.8802
13.2972
29.8596
26.0933
22.5493
19.7607
39.7036
36.3536
33.0380
29.6223
44.1644
40.9883
37.8417
34.3815
33.5633
30.1751
26.9311
23.6127
42.4671
38.4033
34.0878
29.7708
43.9569
38.6159
32.7466
26.2146
38.4261
34.8976
30.9588
26.9287
31.3737
28.6842
25.2052
21.9878
23.9239
18.6031
15.0893
12.8950
40.7677
34.5873
26.2524
18.0209
35.3679
31.9877
27.5169
22.0210
44.3008
39.4329
36.5655
29.5135
31.0751
28.0661
24.7694
22.3484
41.4036
28.1790
31.8765
24.1159
23.8990
22.9317
21.8274
20.1731
17.7742
20.5403
22.1844
23.7450
25.8436
20.4626
16.4045
14.5781
27.7799
21.6227
21.7496
15.1376
