30.0738
26.9981
24.0162
21.0157
30.2320
27.2040
24.2479
21.2308
30.0514
26.9866
24.0043
21.0220
29.9200
26.8470
24.0874
20.9545
29.9976
25.0090
20.0192
15.0167
29.9847
26.9287
24.0432
20.9913
30.2663
27.1280
24.0697
21.1297
29.1857
25.3369
22.8195
21.0833
30.1412
26.9414
24.0491
21.0453
30.2636
27.0572
23.9254
20.9001
30.0901
27.1782
24.0313
21.0628
31.0824
27.1853
23.9295
21.3124
29.4980
27.0706
24.3179
20.7817
29.7547
27.0861
25.3577
23.5644
24.4676
25.2397
25.3522
25.6893
28.1308
22.1303
18.5884
16.2709
30.0055
27.9776
23.5081
21.9609
30.0907
27.0729
24.1502
21.2783
30.3048
27.3390
24.5378
21.7056
30.1169
27.0807
24.1439
21.3059
30.1387
27.1297
24.0787
20.9974
30.0296
25.1260
20.3521
15.6461
28.4509
25.3551
22.3326
19.4112
31.3370
26.7293
24.0312
21.2105
34.9266
31.0548
28.2957
26.0237
33.2222
30.8058
27.7901
21.8446
33.1730
30.3420
27.0087
25.1209
30.0851
27.1436
24.1390
21.3363
30.5187
26.7081
23.9918
20.3829
30.2564
27.4783
23.7532
21.2204
33.8682
31.0917
29.9792
28.0218
25.3286
25.2468
24.8821
25.6232
28.1368
22.2260
18.6024
16.9369
27.7315
25.5427
21.0350
19.5239
30.1626
27.1142
24.1541
21.1844
30.3757
27.3715
24.4573
21.5084
30.1725
27.1137
24.1537
21.2154
29.9476
27.1289
24.1223
21.1070
30.0790
25.1396
20.2173
15.3175
29.1595
26.0730
23.0484
20.0568
30.2849
27.0252
24.3025
21.1028
35.7692
31.8401
28.9086
26.4169
35.7786
32.6797
28.8834
22.9665
34.6359
31.3840
27.2098
23.4592
30.0838
27.0793
24.0869
21.1136
30.6315
27.1747
24.2889
20.5569
30.0221
27.1418
24.1040
20.5698
33.4890
30.7862
29.5967
28.2199
24.8016
25.8558
25.6888
25.9277
28.1886
22.3133
18.6688
16.5613
29.3159
26.0376
23.2872
20.0212
30.0734
27.0065
24.0493
21.0796
30.2815
27.2126
24.2635
21.3052
30.0843
27.0168
24.0633
21.0815
30.0453
27.2123
24.0432
20.8577
30.0070
25.0336
20.0985
15.1747
29.3161
26.5293
23.4922
20.4700
30.3075
27.2999
23.5808
20.6969
37.1940
33.2340
30.1356
27.3913
34.8290
32.6676
29.7616
24.0362
35.0147
31.9551
28.2346
22.8717
30.0660
27.1157
23.9612
20.9966
29.7336
27.2025
24.0232
21.5329
30.0877
27.0722
24.2089
20.8851
36.6884
33.0791
31.7866
29.8136
26.7382
26.7602
26.2278
26.0958
28.1347
22.1527
18.5942
16.4264
29.8633
27.7132
23.2112
21.6960
30.1402
27.1292
24.2077
21.2853
30.3421
27.3105
24.3977
21.5153
30.1384
27.1508
24.1967
21.2879
30.0743
26.9762
24.0156
21.0580
30.0770
25.1697
20.3380
15.5569
28.5083
25.5247
22.5392
19.5444
30.2193
27.0947
23.7711
21.0175
28.4425
24.3320
21.2822
18.9878
31.3176
27.6206
23.1785
18.6884
29.8243
26.1664
22.5078
20.0090
30.0148
27.0890
24.0793
21.0307
30.3102
27.1199
24.2042
20.1298
30.8435
26.9072
24.2306
20.8239
27.5010
24.2071
22.2823
20.2290
21.6354
23.2108
24.4807
24.9411
28.1810
22.3370
18.6641
16.8368
28.1875
25.2632
22.1533
19.2329
30.2083
27.1520
24.1835
21.1802
30.3515
27.2876
24.3029
21.3299
30.1950
27.1583
24.1923
21.2034
30.1049
27.0420
23.8833
21.2147
30.1365
25.1667
20.1966
15.2603
29.2471
26.1161
23.2075
20.1948
29.9694
27.3488
24.3467
21.3263
29.0586
25.2318
22.7510
20.9775
30.9648
27.4950
24.0935
20.3818
30.7816
27.3732
23.9308
21.1750
30.0795
27.1117
24.0402
21.0543
29.3681
26.8766
24.4093
21.0459
30.6627
27.3377
23.9736
20.8824
28.9821
25.7974
24.4084
22.8390
23.6852
24.6290
24.9991
25.2907
28.3959
22.1245
18.9828
16.1639
28.1291
24.5151
21.9414
18.4960
30.0747
27.0247
24.0551
21.0607
30.2724
27.2419
24.2898
21.3016
30.0702
27.0384
24.0469
21.0741
29.8666
26.9284
23.8363
20.9864
30.0131
25.0409
20.0709
15.1166
29.7107
26.7041
23.6113
20.6823
30.3192
27.0696
23.7123
21.4555
34.3726
30.0490
26.2334
22.6563
34.7945
31.4496
27.5871
22.6606
33.8070
30.3862
26.1164
22.8561
29.9649
27.0888
24.0377
20.9319
30.7106
27.0205
23.7495
21.0026
29.9306
27.1327
24.0484
21.2392
31.8441
28.5627
26.5375
25.0514
24.3457
25.0006
25.2264
25.8389
28.1381
22.1802
18.6049
16.3549
29.4592
27.1415
23.1435
21.1229
30.1723
27.1353
24.1671
21.2075
30.3520
27.3078
24.3464
21.3527
30.2090
27.1549
24.1574
21.1913
30.1805
27.1384
24.1349
21.1967
30.1186
25.1600
20.2241
15.3437
29.1987
25.9673
22.9797
19.9408
30.0911
27.1400
24.3325
21.4583
26.8318
22.7815
20.0189
17.9654
31.2802
27.9437
23.9966
19.3297
30.2596
26.4812
22.8149
20.3868
30.0987
26.9204
24.0434
20.9668
31.1317
26.6651
23.9716
21.6923
29.4877
26.8129
24.3527
21.0020
26.6628
23.2267
22.1642
19.9750
21.2931
23.0004
24.1250
24.7733
28.3587
22.1193
18.9855
16.1941
27.5751
24.0098
21.7293
18.0089
30.0728
26.9909
24.0038
20.9959
30.2338
27.1835
24.1701
21.1626
30.0688
27.0278
24.0114
20.9991
29.9590
26.9807
24.0253
21.2075
30.0004
24.9992
19.9925
15.0450
29.8317
26.9008
23.8686
20.8657
30.2648
27.6563
24.2813
21.5936
33.0602
28.8365
25.4784
22.6469
34.2611
31.2118
27.7922
23.1619
33.5857
30.2402
26.1885
23.3516
30.0804
27.0938
23.9821
21.0034
31.4515
26.7061
23.9185
21.1079
30.0460
26.8813
24.3156
20.7503
31.0288
27.6687
26.3187
24.4389
23.5357
24.6088
25.0310
25.5064
28.1376
22.1244
18.6072
16.1669
28.5809
26.4609
22.0508
20.4435
30.1053
27.0302
24.0520
21.0332
30.2777
27.1791
24.2100
21.1952
30.0921
27.0477
24.0323
21.0324
30.2953
27.3707
24.3939
21.5020
30.0303
25.0354
20.0198
14.9812
30.0598
27.0549
24.0443
21.0934
30.2636
27.2874
24.1038
21.3172
33.6541
29.5274
26.4339
23.9303
34.1617
30.9708
27.3658
23.2769
33.9578
30.5891
26.5700
23.7224
30.0122
27.0834
23.9582
20.9930
31.4132
26.9578
23.7957
20.8319
30.0336
27.1363
24.3104
20.2493
30.4069
27.4370
25.9008
24.8400
23.8999
24.6165
24.9397
25.6607
28.1968
22.1219
18.6742
16.1884
29.8571
27.1700
23.6652
21.1356
30.1376
27.1163
24.1914
21.2588
30.3582
27.3413
24.4217
21.4998
30.1138
27.1379
24.1659
21.2697
30.2744
27.2435
24.2679
21.3400
30.0698
25.1683
20.2994
15.4278
28.9747
25.8365
22.8038
19.7997
30.0371
26.9569
23.9239
20.9041
30.4465
26.6105
23.9683
21.9677
31.8086
28.5216
24.8903
20.5476
31.3393
28.0002
24.5122
21.5816
30.0956
26.9690
24.1168
21.1067
32.0959
26.8229
23.9438
21.0042
29.5230
27.1798
23.7222
21.3393
28.2296
26.0552
24.2462
23.0658
23.4358
24.7339
25.1498
25.4658
28.1392
22.4072
18.6059
16.8764
29.1373
26.5949
23.0734
20.5878
30.1137
27.0477
24.0486
21.0702
30.2663
27.2024
24.2295
21.2262
30.1184
27.0543
24.0363
21.0860
30.0758
27.1136
24.1810
21.3960
30.0479
25.0603
20.0900
15.2467
29.3418
26.2494
23.3083
20.2942
30.1937
26.9876
24.1956
21.2171
33.1103
29.1093
26.1825
23.6000
33.7837
31.2144
28.1862
23.1530
34.0711
30.8029
26.7755
23.3234
30.0193
26.9808
24.2007
21.0841
32.0643
26.8988
23.7834
21.1459
30.4665
27.0147
24.0383
20.5743
32.4841
28.7874
27.6737
25.5262
23.3743
24.6115
25.0307
25.3084
28.2327
22.1118
18.7631
16.1127
28.1463
25.7490
21.6477
19.7388
30.1296
27.0678
24.0734
21.1192
30.2883
27.2578
24.3057
21.3669
30.1392
27.0590
24.0925
21.1420
30.3164
27.2421
24.3189
21.1941
30.0590
25.0846
20.1476
15.2928
29.1990
26.0863
23.1612
20.1039
30.1922
27.2835
24.2596
20.9882
26.2177
22.6864
20.4798
19.0075
28.8220
25.2289
21.8501
18.6621
28.1113
24.6783
21.8705
19.5547
30.0974
27.0914
24.0224
21.0796
29.8574
26.7875
24.6569
20.7201
30.4330
26.8370
23.6413
20.7586
25.4194
22.6882
21.7527
20.2301
23.4281
24.5723
25.1480
25.5400
28.2404
22.1448
18.7436
16.2919
28.7512
25.4114
22.5533
19.3927
30.0867
27.0294
24.0638
21.1190
30.2850
27.2497
24.2963
21.3637
30.1154
27.0478
24.0773
21.1315
30.1478
27.1181
24.1240
21.2024
30.0177
25.0542
20.1549
15.3189
29.0918
26.1384
23.1531
20.1084
30.2798
27.1822
24.0717
20.6643
30.7343
26.7516
23.7778
21.4511
31.0956
27.9022
24.5603
20.6258
29.7898
26.7521
23.4608
20.8707
29.9929
26.9571
24.0220
20.9668
30.1539
26.5209
24.1799
21.1460
30.4269
26.8860
23.8465
21.6381
28.4291
25.2585
23.5794
21.8044
23.3112
24.4977
25.1666
25.4571
28.1433
22.1739
18.6280
16.4204
27.5085
25.2177
21.3889
19.2012
30.2619
27.2517
24.3351
21.4543
30.3897
27.4016
24.5139
21.6658
30.2627
27.2307
24.3192
21.4384
30.0317
27.1334
24.2800
21.5830
30.1883
25.2945
20.5353
15.8700
28.0372
24.8963
21.9261
18.9126
29.8297
27.7367
24.2315
20.3375
34.3060
30.4367
27.4167
24.6246
34.1359
31.3126
27.4844
21.0042
33.6779
30.7356
27.0832
23.3924
30.0605
27.0670
24.0224
20.9152
29.8834
26.5611
24.0457
21.3461
29.9817
27.0459
23.9764
21.0938
32.8399
29.7305
28.7569
26.9763
23.2511
23.9952
24.0670
25.0356
28.3933
22.3132
18.9673
16.7995
29.0854
23.5246
23.4442
17.5391
30.0817
27.0097
24.0155
20.9895
30.2521
27.1935
24.1889
21.1615
30.0820
26.9971
24.0143
20.9617
30.1095
27.0594
24.0799
21.2197
30.0083
25.0108
19.9840
14.9474
30.1017
27.2663
24.1890
21.2275
30.2869
27.1463
23.7904
21.2319
34.0034
30.2332
27.7965
25.9448
33.5090
30.7674
28.0480
24.5749
34.0920
30.8745
26.8991
24.1333
30.0822
26.9796
23.9109
21.0174
31.6665
26.8061
24.0210
21.8310
29.9572
27.0091
24.0050
20.5833
33.2825
30.8827
29.2549
27.8142
26.4864
26.3825
25.9536
25.8977
28.1569
22.1164
18.6483
16.1257
30.5820
28.0492
24.2145
22.0318
30.1768
27.1845
24.3082
21.3707
30.3717
27.4007
24.4893
21.5777
30.1589
27.1577
24.3025
21.3772
30.2827
27.2931
24.3633
21.5765
30.0990
25.2606
20.3993
15.5009
28.5762
25.5014
22.6232
19.6139
29.7375
26.5922
23.9824
22.4083
33.6407
29.7371
26.7594
24.3138
34.0126
30.7907
26.5094
21.1250
33.9662
30.5453
26.6225
23.9194
30.0654
27.0330
23.9551
20.9908
30.7565
26.9246
24.2828
21.0567
29.8698
26.9217
23.8364
21.7705
29.8094
27.8120
27.7831
24.8125
24.4451
25.4697
25.5134
25.5031
28.1359
22.6131
18.5947
17.1873
28.4227
26.0186
22.4636
19.9957
30.1339
27.0930
24.1641
21.2411
30.3362
27.3217
24.4270
21.5477
30.1299
27.0871
24.1534
21.2490
29.9912
26.9995
24.0557
21.1877
30.0603
25.1372
20.2957
15.5927
28.4646
25.4666
22.4713
19.4436
30.2068
26.7572
24.4281
21.2055
30.4178
26.5487
23.6913
21.5536
31.3192
27.9325
24.3697
20.0647
30.8409
27.5337
24.0977
21.7284
30.0072
27.1255
24.0060
20.9483
31.2289
26.7194
24.0835
20.9394
28.8669
26.9392
23.9784
21.0673
28.6153
25.7455
24.6111
22.4371
22.8010
23.7263
24.2172
25.0859
28.1854
22.2750
18.6549
16.6950
30.3240
27.0197
24.0786
21.0023
30.0989
27.0456
24.0809
21.0873
30.2859
27.2355
24.2809
21.3120
30.1189
27.0424
24.0719
21.1082
29.2811
26.3315
24.0569
20.5827
30.0365
25.0723
20.1240
15.1904
29.4393
26.4313
23.5015
20.4385
30.0964
27.3058
24.2080
21.0957
29.1529
24.9059
21.8187
19.5961
32.7314
29.9280
26.5173
21.7529
32.2607
28.6847
24.7491
21.6187
30.0053
27.0067
23.9902
21.0332
29.5118
27.5452
24.3976
21.3548
31.6060
27.1355
24.1146
21.4242
29.8077
26.9595
25.1584
23.3364
22.8178
24.1210
25.1714
25.6709
28.1889
22.1407
18.7487
16.2378
27.8759
25.1805
22.0129
19.1647
30.9145
27.9146
25.0085
22.1310
30.9325
27.9374
25.0776
22.1870
30.9067
27.9220
24.9903
22.1344
29.9474
27.0193
24.1757
21.4500
30.8563
25.9896
21.1798
16.3294
27.1820
24.0652
21.0140
18.0343
28.7884
28.5765
26.0135
20.9502
31.7423
27.6999
24.6352
21.9667
33.9611
30.1222
24.9277
18.8073
33.8993
30.5077
26.6430
23.6716
30.0622
27.0878
23.9656
20.9827
31.6166
27.5374
24.4790
20.8577
30.1118
27.0160
23.2810
21.3476
29.3708
26.7658
25.6744
23.6901
21.8500
23.0881
24.0889
24.9468
29.9392
22.2025
20.8561
16.3795
25.8373
21.2988
20.6019
15.2795
30.1132
27.0418
24.0456
21.0578
30.2834
27.2138
24.2184
21.2396
30.0780
27.0636
24.0724
21.0299
29.9620
26.9460
23.8886
21.0576
30.0402
25.0474
20.0485
15.0527
29.9481
26.9293
23.8071
20.8247
30.1342
27.6002
24.2510
21.8489
30.0433
26.1464
23.4419
21.3750
31.7873
28.4091
24.9144
21.3046
31.2339
28.0008
24.5203
21.0914
30.0671
27.0535
24.0577
20.9681
30.1826
27.3001
23.9566
20.8511
29.9592
27.1479
23.7057
21.0610
28.4074
25.7480
24.0229
22.2403
23.4855
24.6350
25.2659
25.4408
28.2158
22.1252
18.6882
16.2086
29.3467
26.5115
22.9124
20.4924
30.1187
27.0611
24.0488
21.0360
30.2952
27.2212
24.2341
21.2554
30.1361
27.0457
24.0533
21.0374
30.1899
27.1063
24.1070
21.2203
30.0504
25.0520
20.0579
15.1448
29.6009
26.4771
23.5493
20.5144
30.2869
27.5087
24.9946
21.6245
31.4933
27.6165
24.9121
22.8849
31.8274
29.0001
26.1989
22.2742
31.3872
28.4487
25.0946
22.1958
30.0118
27.0698
23.9889
21.0108
30.4659
27.5566
23.8201
20.7116
30.0091
27.0742
24.0327
20.6214
30.5779
27.8153
25.6343
24.3882
24.8393
25.4379
25.4194
25.7575
28.2441
22.1162
18.7274
16.1409
28.8909
25.8374
22.2444
19.8186
30.1362
27.0849
24.0925
21.1360
30.3178
27.2756
24.3442
21.4023
30.1233
27.1014
24.0845
21.1400
29.8400
26.9762
24.2017
21.6457
30.0732
25.0967
20.1586
15.3098
29.1169
26.1570
23.1039
20.1050
30.0060
27.3173
24.3270
21.3578
34.9490
30.6026
27.0936
24.3635
35.5933
32.6039
28.8879
22.7664
34.9964
31.5319
27.1005
23.3466
29.9658
27.0616
24.0145
21.0853
29.6005
27.2135
23.8762
20.8571
29.9680
26.9869
23.9255
22.2968
32.3769
30.5093
27.6989
26.0291
22.3249
23.7966
24.9159
25.6543
28.2276
22.1699
18.7801
16.2225
27.3869
24.4092
21.2195
18.3890
30.0950
27.0067
24.0110
20.9812
30.2543
27.1985
24.1905
21.1898
30.0686
27.0082
24.0390
20.9871
30.1022
27.1321
24.1506
21.3191
30.0221
25.0157
19.9921
15.0415
29.8793
26.8937
23.8458
20.8150
30.2073
26.7974
24.4600
21.6943
30.9236
27.0681
24.4162
22.4637
32.5690
29.2274
25.8001
22.0623
31.8606
28.5343
24.8380
22.2946
30.0736
27.0549
24.1199
21.0695
29.7793
27.7211
24.4183
21.0233
30.0268
27.4157
24.2502
21.0501
28.8343
26.5720
24.8724
23.5255
26.5915
26.6709
26.2083
26.0487
28.1902
22.1110
18.6584
16.1070
31.4302
28.2995
24.6309
22.2821
30.6231
27.5874
24.6185
21.6510
30.7665
27.7167
24.7702
21.7836
30.6325
27.5898
24.6701
21.6496
29.9752
27.0227
24.0070
20.9849
30.5637
25.6124
20.6667
15.7079
28.1166
24.9973
22.0356
19.0355
30.6572
27.8991
25.2292
21.6536
18.7850
15.7167
14.1954
13.3173
35.0065
30.0877
23.2902
17.6906
24.6773
22.0426
19.1069
16.6016
30.0814
26.9348
24.0023
20.9631
24.6335
23.6355
21.4660
19.2730
30.4727
26.9897
24.2066
21.0024
25.8696
24.1258
23.2205
21.3476
18.5878
20.7720
22.6176
24.0033
28.4739
22.9769
18.9962
17.1339
28.4672
22.2647
22.8219
16.2708
