0.5939
0.4970
0.4041
0.3147
0.7717
0.6840
0.5931
0.4957
0.5722
0.4664
0.3614
0.2666
0.6193
0.5282
0.4476
0.3617
0.5977
0.4506
0.3170
0.2037
0.6643
0.5396
0.4273
0.3160
0.5658
0.4882
0.3993
0.3149
0.5186
0.3570
0.2247
0.1093
0.5169
0.3790
0.2504
0.1257
0.5055
0.3858
0.2469
0.1532
0.4890
0.3890
0.2387
0.0817
0.8461
0.6543
0.4592
0.2158
0.5682
0.3440
0.2731
0.3485
0.8668
0.7890
0.6940
0.6144
0.8430
0.9200
0.9548
0.9793
1.0000
0.9954
1.0000
0.9422
1.0664
0.8844
1.1040
0.7292
0.4708
0.3711
0.2851
0.2124
0.6844
0.5752
0.4693
0.3687
0.4519
0.3400
0.2442
0.1690
0.5512
0.4428
0.3415
0.2556
0.4760
0.3300
0.2223
0.1410
0.5684
0.3964
0.2658
0.1736
0.4922
0.4478
0.3459
0.2873
0.5882
0.4035
0.2619
0.1460
0.4246
0.3150
0.2136
0.1237
0.4804
0.3462
0.2020
0.1173
0.2987
0.1469
0.0584
0.0336
0.5580
0.2390
0.0924
0.0758
0.4372
0.2420
0.1403
0.4082
0.8569
0.7681
0.7081
0.6206
0.7947
0.8813
0.9379
0.9685
0.9962
0.9791
0.9855
0.8472
1.0741
0.8429
1.1132
0.6427
0.5079
0.4165
0.3360
0.2630
0.6963
0.5979
0.5023
0.4132
0.4852
0.3832
0.2911
0.2172
0.5689
0.4773
0.3819
0.2944
0.5122
0.3805
0.2736
0.1831
0.5655
0.4310
0.3292
0.2443
0.5507
0.4840
0.4047
0.3565
0.6642
0.5101
0.3660
0.2316
0.5611
0.4484
0.3199
0.2073
0.5781
0.4403
0.2716
0.1789
0.3334
0.2085
0.1061
0.0706
0.5588
0.4174
0.3066
0.1821
0.3709
0.4019
0.1830
0.1157
0.8178
0.7351
0.6669
0.6087
0.7786
0.8773
0.9368
0.9696
0.9789
0.9882
0.9294
0.9280
1.0208
0.8412
1.0386
0.6468
0.4746
0.3784
0.2963
0.2252
0.6851
0.5763
0.4768
0.3768
0.4498
0.3402
0.2498
0.1727
0.5753
0.4770
0.3744
0.2876
0.4810
0.3426
0.2411
0.1606
0.5866
0.4232
0.2949
0.2064
0.5236
0.4270
0.3412
0.2891
0.6963
0.5397
0.3979
0.2668
0.5037
0.4098
0.3007
0.2015
0.5592
0.4268
0.2546
0.1497
0.2918
0.1952
0.1176
0.0678
0.5171
0.3159
0.2341
0.1366
0.2925
0.1989
0.2422
0.1047
0.8846
0.8067
0.7683
0.6659
0.8052
0.8931
0.9442
0.9712
0.9985
0.9850
0.9949
0.8753
1.0854
0.8382
1.1485
0.6333
0.6392
0.5531
0.4668
0.3796
0.7986
0.7208
0.6383
0.5488
0.6247
0.5266
0.4267
0.3327
0.6806
0.5963
0.5122
0.4265
0.6436
0.5083
0.3779
0.2555
0.6648
0.5426
0.4333
0.3360
0.6442
0.5397
0.4379
0.3648
0.5805
0.4293
0.2839
0.1531
0.6372
0.5051
0.3379
0.1907
0.5899
0.4666
0.3173
0.2119
0.5839
0.4908
0.3741
0.2289
0.9386
0.8237
0.7213
0.3850
0.8963
0.5140
0.3173
0.2274
0.8718
0.7901
0.7173
0.6269
0.8212
0.9051
0.9508
0.9760
0.9822
0.9215
0.9323
0.7020
0.9564
0.8976
0.8197
0.7583
0.5896
0.4930
0.4012
0.3133
0.7665
0.6789
0.5859
0.4901
0.5697
0.4606
0.3632
0.2683
0.6281
0.5376
0.4443
0.3689
0.5931
0.4468
0.3146
0.2022
0.6740
0.5296
0.3944
0.2857
0.5998
0.5047
0.4080
0.3161
0.5243
0.3619
0.2310
0.1185
0.5303
0.3880
0.2429
0.1200
0.5132
0.3858
0.2396
0.1429
0.4739
0.3669
0.2192
0.0693
0.7227
0.7192
0.5866
0.3117
0.6240
0.4158
0.2387
0.2138
0.8516
0.7386
0.6652
0.5930
0.8067
0.9008
0.9529
0.9743
0.9833
0.9965
0.9459
0.9582
1.0221
0.8809
1.0030
0.7234
0.5812
0.4876
0.3995
0.3170
0.7592
0.6708
0.5798
0.4879
0.5603
0.4561
0.3523
0.2632
0.6368
0.5504
0.4585
0.3769
0.5858
0.4458
0.3222
0.2151
0.6359
0.5152
0.4049
0.3081
0.6041
0.4983
0.4124
0.3214
0.7515
0.6165
0.4423
0.2014
0.6887
0.5794
0.4414
0.2755
0.6895
0.5613
0.3742
0.2473
0.5287
0.3867
0.2332
0.1135
0.7537
0.5586
0.3816
0.2644
0.5172
0.3186
0.2641
0.1512
0.8803
0.7936
0.7350
0.6800
0.8203
0.8984
0.9458
0.9722
0.9980
0.9949
0.9891
0.8992
1.0621
0.8760
1.0612
0.7126
0.6328
0.5454
0.4598
0.3765
0.7920
0.7132
0.6293
0.5414
0.6195
0.5210
0.4258
0.3333
0.6928
0.6109
0.5255
0.4401
0.6364
0.5016
0.3743
0.2558
0.6805
0.5336
0.4154
0.3059
0.6304
0.5579
0.4578
0.3535
0.5383
0.3827
0.2503
0.1399
0.6040
0.4911
0.3583
0.2187
0.5677
0.4460
0.3080
0.2167
0.5499
0.4475
0.3638
0.2217
0.9454
0.8123
0.7555
0.6910
0.5220
0.7286
0.4120
0.2687
0.8661
0.7665
0.6940
0.6205
0.8170
0.9064
0.9540
0.9780
0.9580
0.9926
0.8487
0.9147
0.9315
0.8952
0.8005
0.7552
0.5551
0.4666
0.3851
0.3084
0.7342
0.6428
0.5536
0.4648
0.5354
0.4368
0.3444
0.2589
0.6481
0.5593
0.4669
0.3785
0.5594
0.4273
0.3137
0.2143
0.6141
0.4911
0.3860
0.2927
0.5856
0.4697
0.3901
0.3149
0.6142
0.4550
0.3098
0.1741
0.5706
0.4681
0.3479
0.2192
0.5703
0.4537
0.3075
0.2088
0.4385
0.3142
0.1776
0.0989
0.8690
0.5835
0.3137
0.2020
0.4609
0.3242
0.2729
0.2049
0.8487
0.7408
0.6629
0.6086
0.7673
0.8760
0.9268
0.9630
0.9940
0.9970
0.9627
0.9515
1.0582
0.8630
1.0402
0.6900
0.5287
0.4357
0.3496
0.2736
0.7203
0.6228
0.5258
0.4331
0.5068
0.4029
0.3057
0.2244
0.6332
0.5391
0.4415
0.3509
0.5344
0.3954
0.2823
0.1886
0.6336
0.4771
0.3427
0.2466
0.5709
0.4680
0.3549
0.2664
0.6336
0.4673
0.3167
0.1795
0.5466
0.4222
0.2811
0.1626
0.5649
0.4341
0.2699
0.1655
0.3971
0.2476
0.1295
0.0703
0.6975
0.5602
0.4140
0.1546
0.3897
0.3038
0.1878
0.1576
0.8338
0.7469
0.6713
0.6072
0.7786
0.8828
0.9326
0.9675
0.9856
0.9970
0.9499
0.9385
1.0441
0.8570
1.0290
0.6742
0.5766
0.4828
0.3946
0.3124
0.7581
0.6689
0.5756
0.4807
0.5546
0.4531
0.3510
0.2613
0.6449
0.5545
0.4642
0.3778
0.5813
0.4392
0.3149
0.2079
0.6245
0.5036
0.3889
0.2872
0.5979
0.5249
0.4522
0.3609
0.5686
0.4114
0.2771
0.1566
0.5446
0.4150
0.2797
0.1611
0.5420
0.4171
0.2716
0.1692
0.4760
0.3780
0.2117
0.0896
0.8831
0.6658
0.3981
0.2237
0.5302
0.3444
0.2679
0.1533
0.8403
0.7525
0.6640
0.6077
0.7978
0.8966
0.9458
0.9716
0.9952
0.9557
0.9738
0.8153
1.0315
0.8763
0.9731
0.7136
0.5021
0.4049
0.3201
0.2501
0.7028
0.6000
0.4993
0.4026
0.4798
0.3740
0.2779
0.2028
0.5735
0.4712
0.3744
0.2925
0.5068
0.3654
0.2568
0.1694
0.5790
0.4209
0.2901
0.2045
0.5352
0.4219
0.3910
0.3193
0.6062
0.4286
0.2824
0.1606
0.4758
0.3551
0.2350
0.1473
0.5267
0.3841
0.2207
0.1416
0.3167
0.1592
0.0868
0.0551
0.8596
0.3570
0.3173
0.2464
0.4132
0.2321
0.1847
0.4323
0.8603
0.7617
0.7067
0.6076
0.7800
0.8796
0.9404
0.9655
0.9821
0.9997
0.9134
0.9900
1.0502
0.8498
1.0462
0.6590
0.6075
0.5126
0.4191
0.3304
0.7797
0.6954
0.6047
0.5080
0.5897
0.4829
0.3794
0.2834
0.6699
0.5799
0.4917
0.3984
0.6111
0.4647
0.3301
0.2125
0.6601
0.5329
0.4194
0.3152
0.5925
0.4948
0.4095
0.2846
0.4745
0.3260
0.2079
0.1055
0.4971
0.3416
0.1977
0.0913
0.4611
0.3434
0.2128
0.1231
0.5224
0.4181
0.3173
0.1550
0.8199
0.6851
0.7520
0.5530
0.7070
0.3831
0.3059
0.1711
0.8435
0.7586
0.6953
0.6126
0.8200
0.9054
0.9509
0.9754
0.9653
0.9940
0.8739
0.9333
0.9388
0.8891
0.8660
0.7391
0.5897
0.4953
0.4045
0.3214
0.7684
0.6806
0.5873
0.4940
0.5717
0.4628
0.3633
0.2701
0.6539
0.5639
0.4730
0.3861
0.5938
0.4508
0.3252
0.2174
0.6645
0.5238
0.3932
0.2857
0.5963
0.4863
0.3892
0.3289
0.5858
0.4325
0.2947
0.1681
0.5456
0.4183
0.2792
0.1644
0.5460
0.4280
0.2758
0.1717
0.5148
0.4117
0.2675
0.1328
0.8272
0.8489
0.5605
0.4339
0.5748
0.3408
0.2638
0.1628
0.8548
0.7600
0.6888
0.5956
0.8210
0.9052
0.9494
0.9725
0.9931
0.9821
0.9645
0.8754
1.0278
0.8821
0.9792
0.7235
0.5178
0.4242
0.3440
0.2709
0.7086
0.6102
0.5122
0.4190
0.4967
0.3874
0.2998
0.2205
0.6173
0.5206
0.4243
0.3376
0.5227
0.3877
0.2793
0.1868
0.5405
0.4153
0.3110
0.2302
0.5515
0.4700
0.3986
0.3357
0.6498
0.5024
0.3746
0.2576
0.5255
0.4252
0.3197
0.2173
0.5497
0.4318
0.2748
0.1889
0.3620
0.2427
0.1439
0.1033
0.6845
0.3039
0.3143
0.1395
0.3943
0.3523
0.2435
0.1254
0.8538
0.7695
0.7099
0.6466
0.7827
0.8726
0.9352
0.9714
0.9855
0.9300
0.9532
0.7231
1.0026
0.8472
0.9617
0.6553
0.4918
0.3946
0.3077
0.2318
0.6962
0.5921
0.4891
0.3920
0.4697
0.3556
0.2641
0.1839
0.5822
0.4833
0.3899
0.3087
0.4971
0.3540
0.2434
0.1569
0.6040
0.4537
0.3150
0.2158
0.4949
0.3711
0.3226
0.2166
0.6185
0.4556
0.3230
0.2031
0.4804
0.3548
0.2323
0.1370
0.5283
0.3893
0.2178
0.1251
0.3438
0.1621
0.0763
0.0514
0.5839
0.3532
0.1851
0.0817
0.3226
0.2918
0.1292
0.1324
0.8442
0.7727
0.6911
0.6248
0.7892
0.8749
0.9273
0.9637
0.9898
0.9991
0.9554
0.9880
1.0601
0.8431
1.1084
0.6461
0.5450
0.4489
0.3642
0.2846
0.7312
0.6359
0.5407
0.4454
0.5216
0.4127
0.3178
0.2293
0.6553
0.5625
0.4678
0.3797
0.5478
0.4087
0.2932
0.1972
0.6064
0.4708
0.3691
0.2724
0.5829
0.4649
0.3445
0.2310
0.6857
0.5451
0.3973
0.2418
0.5650
0.4484
0.3127
0.1919
0.6017
0.4748
0.2936
0.1882
0.4481
0.2669
0.1477
0.0647
0.6640
0.6241
0.4111
0.1168
0.5230
0.2697
0.1969
0.2181
0.8357
0.7722
0.7158
0.6297
0.7893
0.8829
0.9351
0.9631
0.9963
0.9165
0.9851
0.8170
1.0306
0.8609
1.0001
0.6813
0.5793
0.4830
0.3947
0.3090
0.7593
0.6691
0.5756
0.4806
0.5589
0.4496
0.3503
0.2585
0.6550
0.5637
0.4711
0.3822
0.5828
0.4393
0.3132
0.2053
0.6225
0.4764
0.3468
0.2483
0.5783
0.4806
0.3958
0.3314
0.6020
0.4443
0.2928
0.1513
0.5374
0.3992
0.2465
0.1357
0.5482
0.4238
0.2654
0.1582
0.5040
0.4010
0.2268
0.0834
0.7620
0.6756
0.5177
0.2210
0.5071
0.4785
0.2773
0.1512
0.8560
0.7655
0.6976
0.6096
0.8103
0.8971
0.9437
0.9706
0.9876
0.9610
0.9580
0.7866
1.0178
0.8774
0.9817
0.7147
0.5940
0.5051
0.4178
0.3348
0.7653
0.6799
0.5925
0.5029
0.5738
0.4745
0.3793
0.2917
0.6590
0.5762
0.5089
0.4022
0.5974
0.4606
0.3363
0.2235
0.6419
0.5148
0.4103
0.3078
0.6126
0.5193
0.4530
0.3670
0.5715
0.4127
0.2749
0.1456
0.5909
0.4900
0.3691
0.2362
0.5784
0.4491
0.2975
0.2020
0.4878
0.3883
0.2527
0.1320
0.8350
0.6874
0.6385
0.4342
0.6083
0.4506
0.3121
0.1940
0.8652
0.7835
0.7131
0.6406
0.7913
0.8917
0.9441
0.9701
0.9872
0.9915
0.9150
0.9399
1.0058
0.8811
0.9095
0.7255
0.5991
0.5121
0.4296
0.3533
0.7640
0.6797
0.5939
0.5083
0.5829
0.4843
0.3928
0.3062
0.6138
0.5263
0.4380
0.3526
0.6034
0.4712
0.3519
0.2432
0.6163
0.4873
0.3720
0.2751
0.6089
0.5381
0.4469
0.3668
0.6176
0.4733
0.3388
0.2128
0.6352
0.5326
0.3899
0.2539
0.5959
0.4837
0.3390
0.2425
0.4609
0.3159
0.2004
0.1150
0.9696
0.5120
0.4311
0.1756
0.4653
0.6001
0.2970
0.1724
0.8016
0.6726
0.6029
0.5052
0.7168
0.8459
0.9211
0.9564
0.9590
0.9669
0.8762
0.8348
0.9109
0.8777
0.7217
0.7198
0.5862
0.4966
0.4117
0.3330
0.7567
0.6700
0.5836
0.4948
0.5678
0.4690
0.3731
0.2817
0.6471
0.5636
0.4749
0.3913
0.5893
0.4546
0.3319
0.2217
0.6441
0.5186
0.4089
0.3143
0.6246
0.5283
0.4405
0.3285
0.5459
0.3967
0.2667
0.1454
0.5415
0.4178
0.2785
0.1564
0.5214
0.4099
0.2742
0.1762
0.4702
0.3715
0.2197
0.0900
0.8611
0.7247
0.5254
0.1536
0.4560
0.3867
0.2310
0.2250
0.8196
0.7236
0.6390
0.5575
0.7804
0.8804
0.9358
0.9655
0.9833
0.9942
0.9443
0.9029
1.0227
0.8746
0.9730
0.7142
0.5442
0.4471
0.3560
0.2750
0.7345
0.6386
0.5414
0.4437
0.5215
0.4124
0.3129
0.2265
0.6177
0.5199
0.4250
0.3395
0.5485
0.4028
0.2819
0.1835
0.6369
0.4749
0.3513
0.2473
0.5622
0.4628
0.3795
0.2845
0.5735
0.4098
0.2721
0.1512
0.4947
0.3730
0.2523
0.1459
0.5131
0.3893
0.2372
0.1455
0.4357
0.3034
0.1444
0.0517
0.7555
0.6408
0.3587
0.1228
0.4549
0.3445
0.2159
0.1563
0.8676
0.7761
0.6730
0.6089
0.8145
0.8986
0.9473
0.9720
0.9857
0.9961
0.9334
0.9712
1.0208
0.8652
1.0238
0.6893
0.5239
0.4340
0.3555
0.2823
0.7105
0.6151
0.5216
0.4316
0.5031
0.3992
0.3046
0.2257
0.6705
0.5787
0.4818
0.3899
0.5307
0.4007
0.2953
0.2039
0.5789
0.4542
0.3473
0.2634
0.5370
0.4432
0.3388
0.2653
0.7164
0.5849
0.4615
0.3389
0.5945
0.5008
0.3950
0.2673
0.6214
0.5040
0.3242
0.2122
0.4288
0.3085
0.2289
0.1508
0.8173
0.5443
0.3891
0.2571
0.5106
0.3078
0.2118
0.2007
0.8580
0.8002
0.7100
0.6350
0.7533
0.8641
0.9244
0.9661
0.9794
0.9972
0.9079
0.9720
1.0188
0.8474
0.9901
0.6570
0.5649
0.4665
0.3765
0.2919
0.7509
0.6569
0.5615
0.4655
0.5429
0.4330
0.3329
0.2413
0.6649
0.5723
0.4767
0.3889
0.5687
0.4235
0.3010
0.2009
0.6564
0.5124
0.3777
0.2683
0.5923
0.4938
0.3919
0.2951
0.6286
0.4680
0.3205
0.1833
0.5806
0.4492
0.2990
0.1663
0.5795
0.4480
0.2849
0.1765
0.4923
0.3841
0.2019
0.0753
0.8961
0.6456
0.3715
0.1347
0.4404
0.3332
0.2044
0.3138
0.8686
0.7989
0.7294
0.6581
0.8433
0.9150
0.9502
0.9726
0.9899
0.9999
0.9675
0.9911
1.0449
0.8723
1.0985
0.7035
0.6840
0.6041
0.5240
0.4409
0.8180
0.7469
0.6712
0.5901
0.6706
0.5849
0.4975
0.4089
0.7266
0.6552
0.5763
0.4917
0.6861
0.5615
0.4335
0.3004
0.6572
0.5534
0.4486
0.3554
0.8232
0.7895
0.7542
0.6957
0.5249
0.3932
0.2925
0.2055
0.8462
0.7411
0.5576
0.3582
0.6881
0.5456
0.3967
0.2979
0.7345
0.6450
0.5854
0.4836
0.9068
0.8352
0.7795
0.7349
0.8255
0.6247
0.6730
0.5690
0.8896
0.8538
0.8083
0.7775
0.7902
0.8935
0.9454
0.9715
0.9922
0.9140
0.9571
0.8123
0.9654
0.9024
0.9147
0.7731
