40.9722
37.8678
34.8539
31.7701
47.0262
43.9138
40.8276
37.7943
32.4403
29.5245
26.4380
23.4884
53.2367
49.7026
46.1639
41.7406
47.0363
42.0178
36.7805
30.2491
40.3023
37.1392
33.6605
29.5245
33.7756
31.9096
26.8770
22.3616
35.8898
30.2708
24.7937
19.9644
37.7032
32.6497
27.0306
19.8575
44.7436
36.9595
28.3265
23.1119
43.6126
38.4673
29.1168
20.0980
40.9334
35.1808
33.3934
30.3987
35.0640
26.7150
25.1242
29.8218
33.2336
26.8854
24.1005
21.0224
19.0143
19.3315
19.2566
19.3911
21.4682
15.4602
11.9258
9.5388
24.8695
22.9016
18.1049
16.8844
37.9781
34.9146
31.9238
28.9423
44.0904
40.9674
37.8430
34.6530
29.7021
26.6439
23.5169
20.7218
47.3182
42.9292
38.1256
32.8795
44.0661
38.9463
33.3169
25.3919
35.8060
32.0711
28.3508
24.1509
30.4383
26.6320
26.0284
17.8043
36.9367
31.5845
26.3905
21.6109
35.8819
31.4919
26.0625
16.1446
42.0903
34.4964
26.7287
22.0691
33.0768
25.4886
18.9750
14.4234
37.1087
20.5794
20.1900
17.0983
32.3319
21.9883
22.6245
23.3730
33.3433
28.4471
26.3813
23.4026
17.3354
17.4987
16.6054
18.2741
18.5847
12.6147
9.0528
6.9585
26.1319
23.0355
20.1623
17.0168
40.0110
36.9014
33.7481
30.7393
45.4756
42.4678
39.3279
36.0694
31.8477
28.7659
25.8171
22.8245
43.5912
40.0950
36.1136
31.8115
45.2839
40.1083
34.6714
28.0439
39.0843
35.5363
31.7775
27.5767
29.5364
26.3581
22.7970
17.6423
37.9140
32.6467
27.5522
22.7398
38.8087
34.2814
28.7742
19.4549
43.7929
36.9544
29.1430
22.9294
33.0024
26.5926
20.1759
16.0653
38.4553
23.4964
22.1276
15.8612
28.6154
34.3887
19.1338
14.9133
34.8687
29.9603
27.5777
24.1999
19.0660
20.6458
20.1942
19.5890
20.8174
14.7843
11.3042
8.9117
24.2070
20.8718
17.5442
14.8490
39.3716
36.3583
33.3789
30.2924
45.3815
42.3801
39.4119
36.1401
31.1623
27.9313
24.9832
22.0376
43.1057
39.7155
35.6658
31.3484
45.4364
40.3191
34.7348
27.3920
37.0766
34.0008
30.3732
26.2690
30.4803
28.2806
22.2106
18.1313
39.3307
33.9107
28.5507
23.5361
37.4633
33.3818
27.7637
18.6704
43.5616
36.0572
28.1640
22.7635
29.8706
24.3447
18.5563
14.8762
35.9118
35.4623
21.1752
16.7578
26.3517
24.3774
24.2854
16.6780
36.4473
30.3881
28.2672
25.2148
20.2675
20.6621
21.8866
20.4413
20.0176
14.0380
10.4770
8.2847
23.8649
21.6270
17.1123
15.6071
39.4694
36.4329
33.4425
30.0265
45.1969
42.0061
38.9966
35.3340
31.4226
28.4108
25.3589
22.4054
46.4657
42.5596
38.4525
33.9261
44.7994
39.3127
32.8084
24.8444
37.3478
33.7377
29.7409
25.1956
33.8104
29.5191
24.2207
20.1323
35.0348
28.8996
22.4347
16.7404
36.2374
30.7324
23.7822
14.9496
42.6347
35.2466
26.9055
21.4204
42.7693
37.7955
30.3640
22.5135
37.8147
34.6832
20.8577
27.0981
47.7059
33.6273
20.7253
20.2837
28.2065
22.6478
19.2944
15.7178
14.9058
16.4273
18.4329
21.5423
20.3006
14.4289
10.7920
8.9892
21.9994
18.6275
16.1044
12.5949
41.5015
38.3114
35.2799
32.1478
45.8078
42.6937
39.4714
36.2017
34.6580
31.5225
28.6999
25.7240
49.2604
45.8273
42.1901
38.9302
44.2344
39.0365
33.5411
27.3507
40.1415
36.5121
32.9078
28.8009
32.4200
33.1582
28.1568
23.9851
36.2259
30.8902
25.8701
21.3765
38.1687
32.9438
26.9896
19.3674
46.5006
39.2208
30.8643
25.5824
44.7069
39.3030
30.8967
21.9534
39.9083
37.4931
34.3629
25.6520
46.2251
33.1278
27.0856
27.4916
34.6501
28.1226
25.1952
22.1173
20.5213
21.2830
21.7339
21.9823
24.1129
17.6908
14.7535
11.7203
25.0049
20.5544
19.1645
14.5342
40.7020
37.5536
34.4909
31.5030
46.5712
43.5193
40.4399
37.3249
32.2273
29.2159
26.1584
23.1857
51.7305
47.8916
43.0034
37.7303
46.6937
41.6596
36.3311
29.5425
39.9133
36.5942
32.7747
28.8691
32.1273
27.5526
23.1375
19.9096
35.7020
29.9766
24.0198
18.5968
38.8030
33.9439
28.3239
19.4978
44.8256
37.2403
28.5464
23.0309
35.1644
28.6286
22.2940
16.9219
37.7045
34.5331
29.5060
18.4722
31.2683
24.6115
21.3912
17.9739
33.3774
26.9830
24.0923
21.3375
18.9295
19.6470
20.3938
21.3564
21.1650
15.1655
11.6339
9.2920
23.9023
21.6854
17.3173
15.6650
41.9787
38.9389
35.6779
32.5431
46.9787
43.7503
40.5926
37.2033
34.1568
31.1900
28.1220
25.1825
45.9689
42.4922
38.9110
35.2415
46.6700
41.1710
35.0075
27.7545
39.5658
35.6202
31.7379
27.7059
35.8038
32.8112
28.1574
23.2806
35.0017
29.3257
23.5709
18.2765
38.8537
33.6786
27.2161
18.7161
44.9771
37.7892
29.8823
24.6136
43.8758
38.7856
34.9368
25.6825
41.1051
36.8669
34.5426
19.5100
32.7794
42.8235
32.1367
22.0356
30.4122
24.5666
22.3230
18.5441
17.5743
18.9678
20.0107
20.6821
23.3002
16.9568
13.9882
11.0586
23.3764
19.5973
18.0181
13.5909
42.7070
39.6981
36.6559
33.7041
48.6759
45.5604
42.6184
39.5866
34.3472
31.3245
28.4274
25.2423
49.2884
45.3347
41.0844
36.7523
48.7455
43.7114
38.4639
31.8176
41.7285
38.5312
34.6340
30.3474
34.4425
30.1106
24.6389
21.9412
38.8970
33.2506
27.4893
22.1473
41.1713
36.5494
31.1314
21.8930
46.9207
39.5138
31.0581
25.5109
40.2423
32.4920
25.0014
19.6208
41.7305
36.6828
33.9412
22.7731
33.4100
30.7357
26.6344
26.2723
34.9711
28.0889
25.8341
22.8611
20.2576
21.1096
21.3275
21.9284
23.3012
17.2876
13.7774
11.3356
24.2224
22.1484
17.6706
16.1284
42.0314
39.0442
35.9705
32.8616
47.3017
44.2254
41.1219
37.8269
34.1097
31.0884
27.9980
24.9726
45.1669
41.9271
38.4091
34.6563
46.9362
41.8288
36.4228
30.0948
40.7919
37.4802
33.8472
29.9259
33.6373
29.6918
24.4622
20.7482
39.7638
34.1921
28.5667
23.3707
39.8808
35.0650
29.3393
21.3954
45.9397
38.8689
30.6863
25.1819
37.7232
30.2985
23.9624
18.5322
41.2211
35.5692
24.7281
20.3114
30.4835
30.8939
22.0266
22.3221
33.4186
28.2113
24.7060
22.5279
19.8871
20.7690
21.4755
22.9720
23.1306
17.0315
13.6081
11.1242
25.0514
22.2706
19.0331
16.2344
39.1621
36.1025
33.0053
29.7059
45.1710
41.9827
38.8683
35.1891
30.6928
27.9133
24.8147
21.9194
49.9775
45.8911
41.3300
36.2893
45.1651
39.4665
32.3590
24.2851
37.4227
33.6419
29.6520
25.0144
32.0265
28.5274
22.9655
18.0476
34.6122
29.1294
23.7115
18.7385
36.3071
30.8475
23.9251
15.4025
43.0702
35.2629
27.1019
21.2129
40.0047
34.7646
24.8991
17.1879
23.9500
33.6491
25.3312
20.9676
39.4597
21.2821
23.5492
18.2943
29.4372
23.6796
20.4136
17.9414
16.7289
17.7303
17.6352
18.2581
19.7372
13.9649
10.2070
8.4476
21.4870
19.1069
15.5953
13.1046
43.6026
40.4779
37.4401
34.4104
48.9066
45.7011
42.4776
39.2206
35.8326
32.9135
29.6935
26.8796
49.8315
45.7924
41.5024
37.1940
47.9060
42.6511
37.0741
30.3999
41.0812
37.5788
33.9401
29.5909
34.2602
29.3385
27.7052
22.5821
36.7099
31.6478
27.0769
22.8390
40.9256
36.1424
30.6516
21.6606
48.0671
40.5539
32.8183
27.4973
38.6206
30.6110
25.1643
20.1545
51.7125
39.0380
26.5692
20.1659
38.1626
30.8315
25.7991
33.1769
36.2894
31.1610
28.9195
25.5192
21.1152
22.3061
22.7350
23.1613
25.0178
18.7944
15.5697
12.7862
25.5104
22.8269
18.8854
16.8218
40.5838
37.6008
34.5010
31.5471
45.9244
42.7138
39.5704
36.3818
32.8029
29.5776
26.6599
23.6360
46.4661
43.0831
39.7161
35.8806
45.4157
40.2337
34.7872
28.2302
40.0658
36.3533
32.5129
28.2239
36.0538
34.4266
29.5611
23.2386
34.6330
29.1383
23.7992
19.0519
36.8059
31.3973
25.6132
18.0413
43.2261
36.4284
28.2361
22.9197
46.5525
42.1613
35.0226
25.6264
39.4156
24.5243
34.3986
30.6064
44.3485
29.8791
29.5911
20.5678
29.7961
23.0946
20.6658
17.3852
19.9775
21.0139
21.2409
20.2778
21.8102
15.6086
12.3187
9.6922
24.4911
20.4295
18.1918
14.4095
41.1070
38.0890
34.9278
31.8869
46.9793
43.9844
40.9774
37.8154
32.7452
29.6208
26.7806
23.6657
50.8565
47.0841
42.8990
38.2620
47.0667
41.9996
36.4933
29.1995
38.5365
35.5588
31.9570
27.7338
36.0026
30.2824
25.8934
20.8662
37.7787
31.9472
25.9768
20.6666
37.7110
32.7074
26.9658
18.8912
44.5748
36.9165
28.5299
23.1360
43.4106
37.0636
28.5233
21.1807
45.1573
45.3203
32.6201
22.2052
42.0640
25.3785
24.3822
20.5319
31.1658
25.2163
21.7712
19.0319
18.9088
20.0781
21.7020
21.5535
21.6407
15.6424
12.1290
9.8365
22.8069
20.5791
16.5090
14.5621
38.4243
35.2597
31.9487
28.6149
42.6834
39.2531
35.7538
32.1726
31.7097
28.5804
25.6314
22.5932
40.7508
37.1778
33.3820
29.5420
41.2029
35.5363
29.3727
22.3239
36.8776
32.9668
28.8010
24.2310
28.7322
28.5057
23.2640
17.3031
36.5050
31.1252
25.8188
20.7067
35.8580
30.4357
23.3946
14.5565
43.4760
36.6408
28.5916
23.1977
33.4486
26.7079
20.3695
15.7542
28.8609
32.7413
21.6560
18.2804
32.7354
30.2698
20.6623
17.0971
33.8708
27.7589
25.9821
22.7279
16.4181
17.1418
17.3698
19.3920
20.9687
14.8030
11.4650
9.2990
23.9271
16.3279
18.0824
10.3557
41.4040
38.3892
35.3426
32.2335
47.3468
44.1793
41.1683
37.9848
33.2930
30.0707
27.2448
24.0393
53.4159
49.6260
45.0583
39.7922
47.0617
41.9203
36.5528
30.3670
40.0608
37.1038
33.4095
29.6053
32.9575
28.0708
23.2141
19.6938
38.5000
33.3062
28.4884
24.1068
38.8777
34.4231
29.4651
21.8175
45.7915
38.0125
29.8624
24.5738
36.6430
27.7976
20.5718
17.7126
40.9560
37.2158
24.3500
23.9352
29.5893
32.7623
23.2254
28.0515
37.2175
31.3709
28.1355
25.7740
21.7066
21.2698
20.5537
20.3341
22.1904
16.1309
12.6947
10.1248
25.0754
22.3151
18.7870
16.2959
39.3803
36.0057
32.7874
29.0679
45.1674
42.0164
38.3670
34.2039
30.9395
27.8322
25.0365
21.9849
47.6846
43.4910
38.7878
33.9325
45.0785
38.5597
30.7035
22.8468
37.0020
33.0551
29.0191
24.4892
30.5639
23.9628
19.6825
17.3122
36.8601
31.2323
25.6031
20.4844
36.2452
30.6858
23.2510
14.6265
43.0652
35.5996
27.3523
21.2946
34.2054
26.1441
20.0471
14.7877
37.4151
21.7870
20.6350
17.8316
39.5422
23.6274
17.6757
22.1902
30.4559
24.7390
22.9532
18.9310
17.2528
18.1322
17.8017
17.6733
19.7536
14.2277
10.2130
8.8050
20.2396
17.8942
14.3107
11.8687
38.1950
34.9141
32.1232
28.8852
43.5829
40.5337
37.4791
34.0179
29.9773
26.7351
23.8599
20.8763
41.8823
38.6484
35.2802
31.5920
43.5074
38.3249
32.3286
24.4926
34.5181
31.1660
27.4562
23.0446
30.7588
25.8675
22.8653
17.8491
36.4053
30.3420
24.0259
18.4901
34.7245
29.4027
23.0919
14.4138
40.3755
33.5705
25.7592
20.5422
39.5982
32.8865
24.6639
16.9023
26.1117
33.8605
30.1291
15.7317
32.3734
36.4874
24.3414
18.6426
28.6438
22.3502
19.6808
16.3474
15.4222
16.5439
17.0201
16.9098
18.8900
12.8997
9.3604
7.2433
23.1225
19.4645
16.7757
13.4449
42.6036
39.5761
36.5832
33.4298
48.4435
45.5490
42.3010
39.1010
34.2324
31.1391
28.2304
25.2648
50.6206
46.0153
42.1693
36.0210
48.5277
43.3445
37.6203
30.3932
41.7056
37.9380
34.3541
29.8676
34.8278
30.8100
25.6429
21.8387
36.5970
30.8317
25.0752
19.9852
39.9538
35.2705
29.6106
21.1391
46.5021
38.8052
30.5225
24.9043
41.6782
36.9086
29.3150
22.0228
40.2388
38.6084
22.9275
31.7136
38.1504
33.3041
27.9993
20.8360
32.1028
27.3404
24.9014
22.2673
20.0084
21.2145
23.0313
23.5362
23.2275
17.1393
13.8189
11.1972
24.0837
21.3749
18.0906
15.3567
39.5663
36.4833
33.2775
30.1364
41.8683
38.5203
35.1883
31.8369
36.5077
33.3891
30.3871
27.4364
48.5007
44.6363
40.5182
36.2521
40.2597
35.0225
29.5972
23.7986
39.6092
35.7861
31.6856
27.2397
28.5846
33.2113
29.8707
20.5285
37.9396
32.6582
27.6941
23.0168
36.7569
31.2504
24.7242
17.4446
49.9279
42.7889
35.4350
30.2799
43.0229
34.3305
28.3666
22.0066
53.7252
39.8025
28.7938
24.4575
35.7300
40.7469
31.1199
22.8517
36.0848
30.1690
27.9646
25.2106
20.5009
21.8005
22.6915
23.2309
28.7275
20.0615
19.4371
14.2293
24.6726
19.4601
19.4260
13.4401
41.2557
38.1553
35.2099
32.2296
46.7273
43.5200
40.4409
37.1603
33.4660
30.3983
27.4102
24.2328
49.2136
45.7983
41.9677
37.9415
45.8231
40.7159
35.3939
29.1960
41.2726
37.9618
34.0106
29.9999
31.9058
30.4162
25.4084
23.3764
36.7680
31.1804
25.6300
20.6207
38.7433
33.7897
27.8986
20.1593
45.4935
38.2121
29.7471
24.1540
42.6497
36.8275
28.0330
20.2560
41.5416
37.0302
33.8128
18.1168
29.2224
31.4792
22.9842
27.0333
32.2107
26.2793
22.4500
19.2088
19.1410
20.2789
20.4341
20.9496
22.5162
16.3680
12.9916
10.4431
25.4096
21.9747
18.9875
15.9548
41.2751
38.1907
35.1280
31.9831
46.5585
43.5015
40.3238
37.3453
32.9667
30.0857
27.0282
24.0086
48.6553
45.1336
41.4338
37.4839
46.5147
41.3532
35.8263
29.3884
39.5008
36.1069
32.5893
28.5231
32.8265
30.1921
25.7306
22.3549
36.8423
31.5515
26.4927
21.8606
38.2093
33.4536
28.1360
20.3033
44.2126
37.5059
29.3508
24.3623
41.1187
33.9656
25.3944
18.5270
37.7851
37.5225
33.7470
20.6287
35.8200
31.1838
26.6802
20.8914
33.1722
28.7232
24.6831
22.5193
20.7713
21.3703
21.4266
22.0988
22.1864
15.9926
12.6790
10.0007
24.4409
20.9756
17.8723
14.9555
41.7965
38.7036
35.7209
32.5731
47.0562
43.8542
40.8306
37.5421
33.7760
30.7423
27.7280
24.6542
47.3391
43.0952
38.6903
34.4406
46.8920
41.7059
36.2397
29.6109
41.0877
37.7024
33.7344
29.5479
31.6810
27.3647
23.6951
20.2754
38.5808
33.2593
28.1159
23.4205
40.0817
35.4409
29.8500
21.0022
46.1392
38.9579
30.8381
25.1350
34.9652
28.7762
24.0903
19.0819
47.8547
29.8426
24.9479
22.3588
38.6166
29.1354
22.9217
25.1145
34.8939
31.2344
27.8098
25.2185
18.7387
20.1103
20.8429
21.4774
22.7697
16.6588
13.3296
10.6796
23.8821
20.9410
17.7085
14.9197
40.1047
37.0145
34.0347
30.8650
45.5460
42.4754
39.3444
36.4012
32.0128
28.9414
25.9897
22.8322
42.0060
38.5216
34.9116
31.3702
45.2942
40.2365
35.0556
29.0558
38.5524
35.3736
31.7255
27.6885
31.8982
27.8191
23.4410
18.6443
36.7324
31.2352
25.7550
20.6899
37.4550
32.4145
27.0550
19.4489
41.7264
35.6386
28.0939
22.7200
39.7449
33.8489
24.9109
17.5814
38.3188
36.2284
32.5092
18.5350
24.6115
22.6867
22.1596
24.4413
31.6592
26.0807
22.7890
19.7147
20.2986
19.9687
19.3676
19.1419
20.9809
14.8642
11.4484
8.8542
25.6411
22.1104
18.7278
16.0917
39.8115
36.6774
33.6674
30.5815
42.5697
39.4107
36.4110
33.2420
33.7565
30.6654
27.8029
24.7786
39.4755
36.3794
33.1678
29.9142
42.0353
36.8271
31.3865
25.4207
39.2498
35.8572
31.9813
27.7287
29.1946
26.4485
22.9427
19.8363
33.7003
27.8973
22.2101
17.0461
38.0236
32.5222
26.1052
18.3044
32.2691
29.2088
27.2474
21.6490
42.0319
38.0832
36.1965
30.5001
32.8042
31.8871
30.6006
28.5437
41.7542
32.9336
35.8118
29.6255
28.6359
26.4770
24.8636
23.0573
18.6399
21.0042
21.8882
22.7731
22.8867
17.5386
13.4318
11.7299
25.1048
19.8653
19.3549
13.8680
