-1.6467
-2.6633
-4.0046
-5.8711
-1.2180
-2.1802
-3.6473
-5.8823
-3.7648
-5.6838
-8.3052
-11.8489
-0.9139
-1.5915
-2.4510
-3.8663
-1.0208
-2.3755
-4.8456
-9.6995
-3.0249
-4.5536
-6.6229
-9.3376
-2.4754
-4.7203
-7.5064
-14.5084
-2.3190
-4.2635
-6.3780
-8.3478
-2.0345
-3.7218
-6.5388
-10.9684
-1.8673
-3.8411
-7.5659
-14.9766
-1.7524
-2.9837
-5.5324
-9.3151
-1.4861
-3.4789
-5.3034
-7.1611
-3.7769
-4.9442
-6.4245
-6.6122
-2.1425
-3.4921
-4.4432
-6.2860
-7.2206
-6.2150
-5.6592
-4.9719
-3.7327
-8.6364
-11.5110
-17.0281
-7.0434
-7.0829
-13.9187
-12.8460
-3.0647
-4.6342
-6.8403
-9.7428
-1.8800
-3.1321
-4.9495
-7.7905
-4.7758
-7.2704
-10.7971
-14.7169
-2.3899
-3.5832
-5.2344
-7.4928
-2.4442
-4.7707
-8.7678
-15.1693
-4.7262
-7.0980
-10.3888
-14.9203
-3.3204
-7.4336
-9.1896
-16.2714
-2.1829
-4.0945
-6.2931
-7.9792
-3.1653
-4.8466
-8.1947
-16.7095
-2.8209
-4.8719
-8.2612
-11.3632
-4.9891
-7.8330
-10.5878
-13.5992
-4.9843
-8.9312
-11.6911
-15.1936
-7.1114
-9.4029
-15.0543
-16.1432
-2.4218
-3.8695
-4.7600
-5.9389
-8.7553
-9.5382
-9.7785
-6.5857
-4.3441
-9.2083
-12.4949
-16.4295
-10.8838
-13.8961
-22.9680
-26.9615
-3.2090
-4.9493
-7.2385
-10.1391
-1.8191
-2.9408
-4.5849
-7.0720
-5.0425
-7.5840
-11.0002
-14.7484
-3.4267
-4.7370
-6.5958
-9.1654
-2.6045
-5.0740
-9.2418
-15.3292
-4.1938
-6.3432
-9.2187
-13.1494
-5.9723
-9.7891
-11.4249
-17.1437
-2.4602
-4.4366
-6.8612
-8.8808
-2.6749
-4.3679
-7.4374
-14.3260
-2.5998
-4.6147
-8.8803
-14.4054
-5.8690
-8.8583
-11.7841
-16.5249
-4.9528
-8.5459
-10.9644
-13.8757
-7.1656
-9.1869
-13.7975
-16.4247
-3.5058
-4.9685
-5.6157
-6.9072
-10.9401
-9.9655
-10.2823
-9.9127
-4.2885
-9.0445
-12.6995
-18.3751
-7.1423
-11.0338
-13.7609
-22.2644
-1.3712
-2.3438
-3.6807
-5.6275
-0.9541
-1.8226
-3.2184
-5.3004
-3.3317
-5.1950
-7.7538
-11.2573
-0.4847
-1.0524
-2.0462
-3.7118
-0.8047
-2.1709
-4.7588
-10.0644
-3.0222
-4.4144
-6.7685
-9.9437
-3.7418
-6.9086
-12.2946
-17.3973
-0.1727
-0.9636
-2.0590
-3.3264
-1.3630
-2.4411
-4.2483
-9.5289
-1.0625
-2.6105
-5.1076
-15.0615
-3.3563
-5.0014
-7.5266
-13.0553
-2.5334
-4.7921
-6.9508
-8.0596
-3.1596
-4.8699
-6.2793
-12.2128
-0.7117
-1.6139
-2.0333
-3.0339
-6.7258
-6.4123
-7.1972
-5.5378
-3.2587
-7.9054
-11.1870
-15.7402
-6.3003
-7.0118
-13.7111
-14.3610
-3.2009
-4.5080
-6.2310
-8.5480
-2.4222
-3.8605
-5.7735
-8.6373
-5.6774
-7.8033
-10.7564
-14.4381
-2.5259
-3.7165
-5.2462
-7.1860
-2.4737
-4.5632
-8.0234
-13.9524
-5.7509
-8.3486
-11.7387
-15.6007
-4.2291
-6.1982
-10.0387
-15.2283
-4.7126
-7.5977
-10.9164
-14.2426
-3.8419
-6.1431
-10.2992
-17.1783
-4.1948
-6.8893
-11.9974
-16.9473
-3.8339
-5.5888
-8.4182
-12.7629
-1.7114
-3.3287
-9.3407
-11.2258
-4.8060
-6.1164
-9.0390
-13.4399
-3.4616
-5.9900
-8.3218
-11.5430
-11.3202
-9.9161
-8.5336
-9.2228
-6.1009
-11.9158
-14.3681
-19.5888
-9.9617
-10.9339
-16.7007
-18.6748
-1.6367
-2.6207
-3.9694
-5.7624
-1.1837
-2.1158
-3.5106
-5.7282
-3.6344
-5.3347
-7.7300
-11.1508
-1.1819
-1.9934
-3.1593
-4.5157
-1.0841
-2.4977
-5.0272
-9.8604
-1.9329
-3.4250
-5.1271
-7.4272
-2.7766
-4.7663
-7.4480
-13.5794
-2.6196
-4.6747
-6.9274
-8.8228
-2.2389
-4.1133
-7.1775
-12.3765
-2.0707
-3.9605
-8.0432
-16.1129
-2.3367
-3.6705
-6.4494
-10.3191
-2.6978
-4.4534
-5.5923
-8.5503
-1.4901
-4.1859
-6.0912
-9.3776
-2.7604
-4.8741
-6.0152
-7.4357
-8.9638
-8.9338
-10.5611
-10.3077
-3.9440
-8.7396
-11.8899
-17.5593
-8.5944
-9.0468
-17.1322
-16.5466
-2.8022
-4.0009
-5.5639
-7.5538
-1.9429
-3.1398
-4.8584
-7.4368
-4.9133
-6.9364
-9.7603
-13.1188
-2.3529
-3.3963
-4.9397
-6.8716
-2.1576
-3.9369
-6.7535
-11.7865
-4.0307
-6.0118
-8.6347
-11.6986
-4.3118
-7.7863
-11.1081
-14.7656
-2.7437
-4.8536
-7.5345
-10.4576
-2.7079
-4.4638
-7.6962
-13.4691
-2.9466
-4.9278
-9.7636
-14.9261
-5.0667
-7.6143
-10.4299
-14.8701
-3.8891
-6.3807
-10.0558
-12.5644
-4.8010
-7.3869
-9.6378
-12.6292
-3.0894
-5.0304
-6.3588
-7.4051
-7.9130
-7.5116
-7.4895
-6.7788
-4.6752
-10.9272
-12.6534
-19.3257
-10.0984
-9.7980
-16.4623
-16.8972
-1.5751
-2.5134
-3.7373
-5.6011
-1.1554
-2.0934
-3.3579
-5.2341
-3.7934
-5.6465
-8.1486
-11.5589
-0.7669
-1.3676
-2.2617
-3.5680
-0.8898
-2.1809
-4.5963
-9.4852
-1.9761
-3.5262
-5.2188
-7.9570
-2.4417
-4.3693
-6.9447
-10.8190
-2.6920
-4.8735
-7.6944
-10.8145
-1.8281
-3.2864
-6.1267
-11.4255
-1.8986
-3.9325
-8.0343
-12.0345
-1.8002
-3.0081
-4.5394
-8.1869
-1.2482
-2.9401
-6.4015
-7.9287
-3.3350
-2.0754
-4.4437
-8.5132
-2.6529
-5.0129
-6.3023
-8.8346
-9.1179
-7.4636
-8.5438
-10.1856
-3.7136
-8.6885
-11.4297
-17.4328
-7.0255
-7.3562
-13.1497
-13.9750
-1.5305
-2.4988
-3.8304
-5.5661
-1.0039
-1.8546
-3.0530
-4.7834
-3.6355
-5.3952
-7.8078
-11.2527
-1.9871
-2.7742
-3.7428
-4.9994
-0.9194
-2.2757
-4.6108
-8.9533
-2.2388
-3.3173
-4.9646
-7.2651
-4.2800
-6.0449
-9.6395
-14.5858
-2.2296
-3.6143
-5.4499
-7.4401
-1.4199
-2.5275
-4.6445
-9.1953
-1.7111
-3.3260
-7.2748
-10.9767
-2.9093
-4.9251
-7.6734
-11.8691
-0.8317
-4.0406
-6.7338
-9.0919
-2.7941
-4.9282
-7.5765
-5.9579
-2.3493
-3.6187
-4.6536
-6.2609
-9.3412
-8.1348
-8.6130
-9.6517
-3.6933
-7.8413
-11.1882
-16.1370
-6.1046
-7.0506
-12.8139
-13.4423
-1.0258
-1.8685
-3.0145
-4.6777
-0.7404
-1.5142
-2.5733
-4.3155
-3.1331
-4.7911
-7.0619
-10.5718
-0.3376
-0.8623
-1.6968
-2.9490
-0.4183
-1.5099
-3.6302
-7.8957
-1.4918
-2.4383
-3.7915
-5.7406
-3.2712
-5.8991
-9.5020
-12.4494
-0.4703
-1.4817
-2.9575
-4.7037
-0.9924
-2.1425
-4.0931
-7.9222
-0.9397
-2.3846
-6.2117
-9.7274
-1.9578
-3.6224
-6.5105
-10.1085
-2.3909
-3.1588
-5.5281
-7.8044
-1.9498
-3.2221
-5.5821
-6.6014
-1.5928
-3.0525
-4.2956
-5.0619
-8.0787
-7.9199
-8.6082
-5.7474
-3.0273
-7.4991
-10.6551
-15.6291
-4.7150
-4.7585
-9.4509
-10.0067
-2.4078
-3.5433
-5.0369
-7.1102
-1.8290
-3.1568
-5.0350
-7.7930
-4.6558
-6.5763
-9.3137
-12.8798
-1.8288
-2.7907
-4.1133
-5.8679
-1.7178
-3.4977
-6.5374
-12.3359
-5.8040
-8.8288
-12.1122
-15.8600
-4.9291
-8.1224
-11.2705
-15.7343
-3.1477
-5.2982
-7.5789
-9.6730
-2.6938
-4.8022
-8.2518
-13.8771
-2.8043
-4.8024
-9.3214
-15.6656
-3.1484
-4.8646
-8.2320
-12.1997
-1.4514
-3.4076
-7.4208
-10.7232
-4.0909
-6.6720
-9.5256
-11.4592
-3.6828
-5.3823
-6.8356
-8.1932
-9.4515
-8.6715
-8.4640
-10.0870
-4.9941
-10.6608
-13.1029
-18.4243
-8.5402
-8.8379
-15.5698
-15.2838
-1.1867
-2.0511
-3.2335
-4.8357
-0.8085
-1.5575
-2.6568
-4.4715
-3.0225
-4.6739
-6.9672
-10.1539
-1.2168
-2.0456
-3.1495
-4.5165
-0.6420
-1.8214
-3.9689
-7.9740
-1.4366
-2.3571
-3.7318
-5.7708
-3.2298
-4.7532
-10.5758
-15.8708
-0.9140
-2.1268
-3.7208
-5.3646
-1.2179
-2.2641
-4.2358
-9.3879
-1.1835
-2.6567
-6.7825
-12.7525
-2.5536
-4.9413
-7.9418
-12.3264
-4.2668
-4.1628
-7.9127
-8.3778
-1.7862
-3.8727
-6.5733
-7.7709
-1.6470
-3.1486
-3.6712
-5.1891
-8.9580
-8.0831
-10.2381
-10.5325
-3.2649
-7.4572
-10.7779
-15.6792
-6.9013
-7.5262
-14.6613
-14.7278
-2.2952
-3.4879
-4.9499
-7.0360
-1.5511
-2.6954
-4.2950
-6.8136
-4.3613
-6.4291
-9.0587
-12.7296
-1.3549
-2.1752
-3.2547
-4.8921
-1.6505
-3.3159
-6.0874
-11.2505
-3.7814
-5.5762
-8.0577
-11.3144
-2.5332
-3.9102
-6.4591
-11.4101
-4.0827
-6.6842
-9.2583
-11.2986
-3.5316
-6.1014
-9.5913
-14.6081
-3.3806
-5.9409
-9.5889
-17.8259
-2.4154
-3.8915
-5.9980
-9.5272
-1.4460
-3.9964
-3.9146
-7.8795
-2.8747
-5.3246
-7.1010
-10.9999
-3.9662
-6.2343
-7.8374
-9.8689
-9.3363
-10.3957
-11.0964
-9.9586
-4.3244
-9.9319
-12.3024
-18.8979
-8.8094
-9.3191
-16.4584
-16.3471
-2.5506
-3.8031
-5.6364
-8.2717
-1.6142
-2.6994
-4.3569
-6.8067
-4.4521
-6.6701
-9.5618
-13.6249
-2.0057
-3.1096
-4.6123
-6.6842
-1.8872
-3.8470
-7.4442
-13.7384
-3.4325
-5.1393
-7.7352
-11.4655
-2.9592
-5.1973
-8.6729
-14.3395
-3.3235
-6.0956
-9.4668
-12.1948
-3.0481
-5.1517
-8.9593
-16.1478
-3.5388
-5.9485
-10.3532
-16.3026
-3.3675
-5.5366
-9.0779
-14.2413
-5.2342
-8.3978
-9.3202
-13.2201
-3.7081
-7.0770
-9.3059
-14.1388
-4.6164
-7.1285
-9.0461
-11.1593
-11.5910
-10.9369
-10.6886
-7.3494
-4.5810
-9.9113
-13.0425
-19.0757
-9.4109
-11.9146
-18.3258
-22.4584
-1.8376
-2.9250
-4.3756
-6.3482
-1.3994
-2.4103
-3.9433
-6.3388
-3.9090
-5.8437
-8.3575
-11.9742
-1.7716
-2.6570
-3.7413
-5.1761
-1.2237
-2.8473
-5.8072
-11.6862
-5.6149
-8.0203
-11.4539
-15.2151
-4.7110
-6.9085
-10.5226
-17.1075
-1.4249
-2.6918
-3.9673
-5.5496
-1.9058
-3.3367
-5.7423
-11.8898
-1.9004
-3.4703
-7.6895
-13.2031
-3.6112
-6.1353
-9.0560
-14.3370
-3.4082
-4.4909
-7.8341
-10.0611
-3.4494
-5.2244
-7.2396
-12.3747
-1.4773
-3.1640
-3.5376
-4.7930
-7.9854
-7.8129
-6.8961
-6.1878
-4.2599
-9.3702
-12.1367
-17.3814
-7.2114
-8.3583
-14.2029
-16.5386
-1.2715
-2.1905
-3.3834
-5.0559
-0.8581
-1.6866
-2.8837
-4.7425
-3.2594
-5.0984
-7.3615
-10.7869
-0.9776
-1.6465
-2.5949
-3.9518
-0.6948
-1.8740
-4.0246
-8.4688
-1.6423
-2.5495
-4.0298
-6.0371
-3.5868
-5.3084
-8.3170
-13.5401
-0.9822
-2.0689
-3.2046
-4.1806
-1.4044
-2.5247
-4.3342
-7.7696
-1.1407
-2.6791
-6.9468
-10.0551
-2.3868
-4.6608
-7.3714
-14.1355
-0.8702
-3.6553
-5.8246
-7.3467
-2.6275
-3.9098
-5.9476
-5.4317
-1.4062
-2.1369
-2.8468
-3.6362
-4.7541
-4.6104
-4.5476
-4.2245
-3.2235
-7.6002
-10.9711
-15.9932
-4.3038
-4.9434
-8.5325
-9.7671
-1.7032
-2.7444
-4.1277
-6.1219
-1.4328
-2.5785
-4.3234
-6.8300
-3.9699
-5.9192
-8.4000
-12.0062
-1.6807
-2.6054
-3.7867
-5.2656
-1.0667
-2.6301
-5.5461
-11.3941
-6.6518
-9.4102
-12.8150
-16.1999
-5.1255
-7.3934
-8.7284
-10.1751
-1.6120
-3.0895
-4.8392
-6.4423
-1.8992
-3.4385
-6.3463
-11.7933
-1.8099
-3.4578
-7.2240
-9.7589
-3.1885
-5.3206
-7.7809
-11.9896
-1.2836
-2.5060
-4.8528
-9.6558
-2.5422
-4.4437
-6.6201
-9.2157
-2.9739
-4.2701
-4.0683
-6.2824
-6.9894
-6.7902
-5.2441
-5.0325
-4.1008
-8.7477
-12.5082
-15.9447
-5.5611
-6.5817
-10.3759
-12.4768
-3.3067
-4.6763
-6.4120
-8.7288
-2.2979
-3.7281
-5.8233
-8.9620
-5.4553
-7.7235
-10.7180
-14.3815
-2.6184
-3.7666
-5.2647
-7.2546
-2.6173
-4.7097
-8.1252
-14.2365
-4.8603
-6.9306
-10.3414
-14.2300
-3.8695
-6.4640
-9.9786
-14.6254
-4.0889
-6.9018
-10.1592
-12.7098
-4.1912
-7.0126
-11.2360
-17.1192
-3.8976
-6.5934
-11.3031
-16.1032
-4.3629
-6.5448
-10.5958
-15.1514
-4.4769
-7.8991
-8.6353
-14.3460
-6.0550
-6.7035
-10.6498
-13.9258
-4.1659
-6.9650
-8.3372
-10.5664
-10.0068
-10.0838
-11.7177
-10.3989
-5.7472
-11.9304
-14.3545
-20.7275
-9.4849
-11.0074
-17.4307
-18.5990
-2.1858
-3.2417
-4.7485
-6.7293
-1.5281
-2.6015
-4.0082
-6.3956
-4.2083
-6.1655
-8.7798
-12.3436
-2.0254
-3.1241
-4.2978
-6.8084
-1.5217
-3.1190
-5.8716
-11.0729
-3.0952
-4.7567
-6.7344
-9.7289
-3.6148
-5.6885
-9.6691
-13.6770
-3.7370
-6.7025
-10.1170
-12.9991
-2.4480
-3.9313
-6.9112
-13.4131
-2.4313
-4.5541
-8.6492
-15.6358
-3.3664
-5.0055
-7.5687
-11.9771
-3.6726
-6.2709
-8.4820
-9.5572
-2.5412
-4.4432
-6.6776
-11.0697
-3.5405
-4.9223
-6.4556
-8.0439
-11.3446
-10.6029
-11.4721
-14.0638
-4.5763
-9.5490
-12.7654
-18.5569
-9.1181
-10.8344
-16.2464
-18.0901
-1.9366
-2.9439
-4.4180
-6.2345
-1.3700
-2.3500
-3.8174
-5.8441
-3.7457
-5.3893
-7.8182
-10.9671
-2.1779
-3.1918
-4.4158
-6.0068
-1.4341
-3.0457
-5.9040
-10.5979
-2.8724
-4.3668
-6.3126
-9.4285
-4.9866
-5.9644
-8.6985
-14.6707
-1.9229
-3.6828
-5.7607
-7.8420
-2.0876
-3.8169
-7.0211
-13.2720
-1.8827
-3.6181
-7.5718
-11.5505
-3.2222
-5.6040
-8.3978
-11.8865
-5.5994
-4.4318
-6.6182
-10.4403
-3.6828
-2.7274
-8.6363
-11.2512
-2.8539
-4.6193
-5.5535
-7.4154
-9.8869
-9.8965
-8.9382
-5.3667
-4.3346
-8.5617
-11.6811
-16.1306
-9.1591
-10.5113
-15.4968
-19.5861
-1.8874
-2.8662
-4.2964
-6.1374
-1.3707
-2.3840
-3.8695
-6.1434
-3.9803
-5.8936
-8.4223
-12.0420
-1.5147
-2.3851
-3.6125
-5.2236
-1.2316
-2.6872
-5.2454
-10.0138
-2.6305
-4.1740
-6.2905
-8.8934
-3.7379
-5.9961
-9.7483
-11.7230
-2.9187
-5.0739
-7.3600
-9.3916
-2.3469
-4.2454
-7.3522
-11.9730
-2.3483
-4.3514
-8.4951
-16.4881
-2.7817
-4.3708
-7.4125
-11.2707
-4.4278
-3.5882
-6.0599
-11.2408
-3.5155
-5.0164
-8.0803
-8.9478
-3.4149
-5.0955
-6.6031
-8.4706
-8.2946
-8.2516
-8.2233
-10.0525
-4.2136
-9.3573
-12.0187
-17.9780
-8.3276
-8.1347
-15.6950
-13.8911
-1.4397
-2.3916
-3.7088
-5.6023
-0.9643
-1.8521
-3.1444
-5.1870
-3.4211
-5.2744
-7.7791
-11.3357
-0.9814
-1.7936
-2.9299
-4.5032
-0.8204
-2.1638
-4.6394
-9.6349
-2.1013
-3.4481
-5.3282
-7.8861
-3.0416
-4.8451
-6.9977
-12.7148
-1.5841
-3.1398
-5.0313
-6.8360
-1.8818
-3.3926
-5.7239
-10.4757
-1.9601
-3.9528
-7.7617
-14.2060
-2.4406
-4.3656
-7.7418
-11.2779
-2.2008
-3.4380
-6.1633
-10.0631
-2.6387
-4.2700
-6.8973
-9.5798
-2.2060
-3.6314
-5.2139
-6.4187
-7.5617
-7.4770
-7.6531
-6.9334
-3.4666
-8.4421
-11.4502
-17.5855
-7.2113
-7.5856
-15.9365
-14.9307
-1.7027
-2.8182
-4.4748
-7.0921
-0.9784
-1.7905
-3.0132
-4.9156
-3.4659
-5.4405
-8.3703
-12.3447
-1.1319
-1.8615
-2.8845
-4.2129
-1.1493
-2.7847
-5.9832
-11.4971
-2.7045
-4.1575
-6.2802
-9.2270
-4.0670
-6.7178
-11.4469
-14.4288
-0.9105
-1.9950
-3.5887
-5.3381
-1.2372
-2.3313
-4.2188
-10.2033
-1.3157
-2.9112
-6.6770
-12.0314
-3.2512
-5.5724
-8.2274
-12.2482
-5.7511
-4.6407
-7.7100
-11.6562
-4.7695
-4.5762
-9.4787
-12.3849
-1.5750
-2.2082
-3.6836
-4.8816
-9.3803
-7.7205
-7.7644
-10.2239
-3.2403
-7.9236
-10.9333
-16.5385
-7.4123
-9.2323
-15.5007
-19.4726
-1.3242
-2.2080
-3.4849
-5.2472
-0.9381
-1.8348
-3.1502
-5.1335
-3.4447
-5.2566
-7.7199
-11.2963
-0.8514
-1.5236
-2.4563
-3.7201
-0.7012
-1.9248
-4.2523
-9.1922
-1.9526
-3.1785
-4.9163
-7.3221
-3.4223
-6.1795
-8.4035
-10.9337
-1.5388
-3.0523
-4.8701
-6.6239
-1.5712
-2.9876
-5.4636
-9.5035
-1.6170
-3.2233
-7.4005
-10.8054
-2.0837
-3.5562
-6.3543
-9.8444
-3.0092
-3.7252
-5.0837
-8.9350
-2.8160
-4.2429
-6.0792
-8.3349
-2.3812
-4.0762
-5.1543
-6.2952
-5.1264
-3.9884
-4.1262
-4.1284
-3.4872
-8.1823
-11.4456
-17.6608
-4.3893
-5.1589
-10.5015
-9.7963
-3.2797
-4.6608
-6.9201
-10.1801
-2.4348
-3.7075
-5.5478
-8.2910
-4.8528
-7.0572
-9.9993
-14.1688
-5.0198
-7.2900
-10.7735
-15.7824
-2.7991
-5.3431
-10.6019
-21.5983
-7.0172
-10.1369
-14.5857
-19.9698
-6.7706
-10.4033
-11.6616
-21.5186
-14.5540
-23.5557
-32.4374
-35.7162
-3.1514
-5.3422
-12.6891
-28.9505
-17.3391
-19.5717
-24.1052
-28.4224
-7.2412
-10.1324
-12.8972
-17.3103
-16.2364
-17.1949
-19.2278
-19.3518
-4.4313
-8.2108
-6.9729
-7.3920
-9.4008
-11.4244
-9.9816
-13.8423
-20.9675
-13.5705
-8.4304
-8.9901
-7.2151
-9.1235
-20.8263
-16.8439
-8.7245
-22.5611
-15.5874
-40.1600
