-244.3000
-353.9000
-511.5000
-764.5000
-166.7000
-241.9000
-352.3000
-538.1000
-488.7000
-696.4000
-987.0000
-1432.8000
-145.8000
-222.3000
-338.0000
-572.3000
-166.9000
-315.9000
-660.2000
-1598.1000
-294.7000
-415.5000
-592.6000
-880.7000
-307.8000
-516.0000
-935.9000
-1288.5000
-358.7000
-594.7000
-903.4000
-1278.4000
-321.0000
-518.8000
-819.8000
-1340.2000
-245.4000
-440.9000
-783.7000
-1539.4000
-262.1000
-413.6000
-761.3000
-1370.6000
-215.8000
-464.4000
-669.4000
-927.8000
-432.6000
-657.1000
-818.9000
-1173.3000
-383.6000
-609.9000
-804.0000
-1063.1000
-1159.8000
-1114.0000
-1279.4000
-1751.9000
-1146.4000
-1975.0000
-3778.7000
-3552.3000
-893.9000
-1019.6000
-2102.3000
-1956.9000
-153.5000
-225.9000
-332.3000
-509.4000
-115.5000
-169.3000
-254.2000
-391.6000
-302.9000
-436.4000
-629.8000
-916.2000
-137.7000
-215.6000
-351.1000
-595.9000
-106.0000
-210.3000
-474.4000
-1251.6000
-323.5000
-482.5000
-706.9000
-1056.6000
-252.6000
-454.0000
-693.9000
-1243.1000
-158.6000
-274.0000
-454.7000
-710.1000
-190.6000
-300.5000
-514.7000
-1172.6000
-160.3000
-282.4000
-538.3000
-806.0000
-284.9000
-547.8000
-1048.6000
-1828.9000
-306.4000
-883.1000
-968.8000
-1749.7000
-254.1000
-489.1000
-717.2000
-977.9000
-289.3000
-429.8000
-459.3000
-628.4000
-1342.1000
-1450.2000
-1736.0000
-1641.3000
-810.1000
-1390.2000
-2680.4000
-2474.8000
-1149.2000
-1409.9000
-2554.4000
-2548.1000
-242.8000
-349.0000
-509.6000
-747.0000
-165.8000
-234.7000
-342.6000
-515.4000
-456.5000
-640.9000
-916.0000
-1289.9000
-268.4000
-390.2000
-597.7000
-937.0000
-179.6000
-335.3000
-676.2000
-1578.1000
-318.8000
-463.1000
-681.1000
-1028.0000
-632.2000
-822.6000
-1081.6000
-1953.3000
-198.0000
-357.1000
-627.0000
-1029.4000
-274.7000
-468.0000
-871.8000
-1931.0000
-214.3000
-365.4000
-769.0000
-1214.8000
-474.3000
-859.3000
-1611.8000
-2593.7000
-335.4000
-813.4000
-1211.6000
-1828.5000
-513.1000
-552.5000
-1073.0000
-1934.2000
-371.6000
-615.0000
-786.3000
-1083.7000
-2348.8000
-2188.0000
-2176.0000
-2040.8000
-1057.5000
-2017.2000
-3412.7000
-3666.7000
-1325.4000
-2254.3000
-2766.4000
-4095.0000
-193.2000
-280.8000
-410.7000
-619.0000
-137.3000
-198.3000
-294.4000
-452.6000
-385.0000
-551.3000
-790.7000
-1143.3000
-135.6000
-199.3000
-322.8000
-556.3000
-130.7000
-252.9000
-550.3000
-1420.9000
-329.5000
-453.0000
-662.4000
-983.9000
-407.1000
-660.7000
-1105.7000
-1603.3000
-99.4000
-183.5000
-335.6000
-570.7000
-182.2000
-279.0000
-442.1000
-944.9000
-150.9000
-277.5000
-528.0000
-1247.7000
-391.3000
-653.6000
-1178.9000
-1894.9000
-328.9000
-552.0000
-1038.9000
-1500.1000
-428.7000
-606.3000
-834.5000
-1450.5000
-220.7000
-352.6000
-433.1000
-511.3000
-936.0000
-1022.0000
-1220.1000
-1641.1000
-937.7000
-1597.0000
-3122.2000
-2837.9000
-818.2000
-994.3000
-1930.2000
-1872.2000
-223.8000
-322.6000
-459.9000
-675.8000
-155.7000
-227.0000
-327.0000
-492.0000
-413.0000
-597.5000
-849.4000
-1202.8000
-189.0000
-278.3000
-412.1000
-629.0000
-163.9000
-304.5000
-607.2000
-1387.2000
-337.3000
-483.7000
-711.2000
-1054.0000
-388.0000
-433.7000
-714.6000
-1234.6000
-544.3000
-922.3000
-1498.7000
-2255.2000
-299.1000
-527.4000
-1045.6000
-2118.2000
-302.1000
-515.9000
-928.1000
-1456.0000
-266.3000
-431.6000
-753.3000
-1297.0000
-209.8000
-321.0000
-798.0000
-1130.6000
-315.8000
-458.6000
-826.5000
-1154.2000
-676.0000
-1079.7000
-1424.7000
-1922.3000
-2497.2000
-2214.0000
-1747.9000
-1680.0000
-923.7000
-1731.1000
-2980.0000
-3137.6000
-1406.0000
-2097.4000
-2862.6000
-3769.3000
-396.8000
-565.7000
-805.9000
-1148.2000
-278.0000
-397.8000
-565.5000
-834.2000
-666.4000
-942.7000
-1310.2000
-1853.4000
-210.0000
-308.4000
-471.0000
-694.0000
-328.9000
-592.8000
-1102.1000
-2168.5000
-367.4000
-532.3000
-780.9000
-1171.0000
-1058.5000
-959.5000
-1373.9000
-2870.1000
-439.5000
-725.6000
-1099.7000
-1535.5000
-512.5000
-916.4000
-1756.6000
-3657.2000
-284.1000
-502.9000
-1076.8000
-1713.9000
-318.1000
-512.1000
-924.5000
-1779.7000
-323.0000
-459.4000
-664.1000
-1196.9000
-333.0000
-706.5000
-1048.8000
-1477.4000
-571.1000
-958.2000
-1221.8000
-1587.4000
-2225.0000
-2245.0000
-2279.0000
-1925.8000
-1401.2000
-2882.8000
-4245.2000
-5341.4000
-1632.3000
-3081.6000
-2878.2000
-5715.4000
-232.7000
-335.4000
-487.1000
-727.3000
-158.1000
-229.4000
-337.5000
-511.2000
-460.8000
-656.9000
-940.8000
-1360.4000
-139.4000
-214.8000
-357.0000
-598.3000
-157.4000
-299.2000
-627.6000
-1534.8000
-305.9000
-426.8000
-624.3000
-900.5000
-461.8000
-883.2000
-1418.8000
-1667.6000
-205.6000
-371.1000
-665.6000
-1108.4000
-224.7000
-370.1000
-648.2000
-1283.9000
-198.2000
-354.7000
-752.9000
-1344.5000
-381.1000
-633.2000
-1024.0000
-1713.1000
-303.2000
-507.2000
-883.7000
-1456.1000
-414.3000
-685.8000
-1104.0000
-1406.7000
-361.9000
-614.3000
-824.3000
-1025.2000
-1497.6000
-1431.9000
-1542.1000
-1724.5000
-1100.3000
-1905.3000
-3612.7000
-3427.1000
-1129.6000
-1342.1000
-2513.5000
-2504.8000
-315.4000
-448.3000
-633.1000
-891.6000
-231.7000
-331.9000
-474.0000
-689.9000
-587.3000
-830.8000
-1146.9000
-1606.7000
-246.9000
-350.9000
-500.6000
-722.8000
-230.3000
-418.7000
-792.2000
-1675.2000
-355.4000
-530.3000
-787.9000
-1169.7000
-602.8000
-741.0000
-1190.4000
-1740.6000
-788.0000
-1305.6000
-2012.8000
-2907.6000
-410.9000
-718.4000
-1463.5000
-3226.4000
-332.3000
-595.9000
-1138.8000
-1868.9000
-335.2000
-529.9000
-888.3000
-1570.5000
-333.1000
-702.4000
-1061.3000
-2020.6000
-600.1000
-484.7000
-785.8000
-1702.6000
-862.6000
-1473.8000
-1720.6000
-2472.0000
-3091.4000
-2712.5000
-2296.8000
-1928.9000
-1267.2000
-2523.7000
-3717.5000
-4656.3000
-1792.7000
-2806.0000
-2722.7000
-5161.0000
-324.3000
-463.2000
-667.1000
-969.6000
-223.6000
-321.9000
-468.8000
-692.7000
-650.7000
-920.3000
-1305.0000
-1866.5000
-190.5000
-285.4000
-436.8000
-673.6000
-217.4000
-403.3000
-795.0000
-1680.4000
-303.5000
-422.3000
-617.6000
-912.9000
-738.7000
-1083.7000
-1765.7000
-2754.8000
-316.3000
-560.9000
-958.9000
-1519.6000
-302.2000
-487.0000
-835.6000
-2005.8000
-262.9000
-464.6000
-1011.3000
-1699.0000
-437.0000
-748.6000
-1321.3000
-2158.9000
-271.3000
-682.5000
-1052.2000
-1838.2000
-542.8000
-904.1000
-1303.4000
-1250.8000
-474.6000
-910.1000
-1118.9000
-1453.6000
-1866.0000
-1639.0000
-1654.2000
-1859.2000
-1506.8000
-2684.2000
-4852.7000
-4932.4000
-1466.2000
-1734.4000
-3281.5000
-3333.9000
-320.6000
-460.5000
-658.9000
-962.6000
-226.2000
-326.7000
-471.5000
-698.9000
-618.0000
-881.1000
-1247.7000
-1799.6000
-211.3000
-302.0000
-445.9000
-674.5000
-227.8000
-419.0000
-821.3000
-1774.3000
-301.5000
-431.6000
-627.0000
-927.6000
-731.0000
-1068.7000
-1647.4000
-2416.1000
-278.7000
-480.1000
-791.1000
-1211.6000
-329.9000
-554.1000
-991.3000
-2056.5000
-257.0000
-451.0000
-929.5000
-1671.4000
-457.4000
-777.5000
-1311.6000
-2215.6000
-347.9000
-608.8000
-1145.4000
-1817.1000
-637.2000
-780.9000
-1415.3000
-1624.9000
-513.8000
-841.7000
-1113.8000
-1393.0000
-1738.3000
-1470.2000
-1689.2000
-1722.5000
-1395.1000
-2556.9000
-4505.5000
-4682.4000
-1159.8000
-1712.4000
-2558.9000
-3257.8000
-193.0000
-281.8000
-407.9000
-610.8000
-134.4000
-193.3000
-286.9000
-431.8000
-384.0000
-538.6000
-787.5000
-1109.8000
-145.1000
-220.2000
-344.4000
-561.0000
-132.8000
-253.9000
-538.2000
-1345.4000
-318.2000
-452.6000
-671.7000
-1022.5000
-270.3000
-432.2000
-729.9000
-1365.6000
-358.8000
-591.1000
-913.2000
-1307.4000
-242.7000
-415.8000
-742.8000
-1384.5000
-207.2000
-368.7000
-734.1000
-1226.7000
-252.6000
-459.5000
-818.0000
-1535.2000
-567.7000
-557.3000
-777.7000
-1243.1000
-295.3000
-668.3000
-802.8000
-1158.4000
-563.4000
-854.0000
-1183.6000
-1416.3000
-1672.2000
-1554.6000
-1454.1000
-1569.2000
-892.4000
-1534.9000
-2948.3000
-2739.3000
-1135.2000
-1340.9000
-2463.1000
-2446.6000
-413.2000
-592.9000
-845.5000
-1191.5000
-280.3000
-403.8000
-577.5000
-841.3000
-791.4000
-1120.3000
-1585.5000
-2202.8000
-250.4000
-365.5000
-541.2000
-801.0000
-300.2000
-544.6000
-1008.8000
-1887.0000
-344.6000
-507.3000
-745.5000
-1116.9000
-923.8000
-1254.9000
-2095.7000
-3589.5000
-307.7000
-536.6000
-883.7000
-1357.4000
-465.9000
-737.7000
-1342.9000
-3229.8000
-303.3000
-544.2000
-1271.1000
-2054.8000
-606.5000
-1093.3000
-1745.2000
-3045.0000
-621.3000
-785.4000
-1564.4000
-1443.8000
-539.9000
-987.8000
-1514.1000
-1112.3000
-509.4000
-872.3000
-1067.9000
-1448.6000
-2410.2000
-2189.7000
-2005.9000
-1638.8000
-1781.7000
-3340.7000
-5583.2000
-6210.6000
-1627.0000
-2275.0000
-3469.7000
-4392.6000
-260.8000
-368.4000
-533.6000
-765.5000
-176.2000
-255.9000
-371.5000
-542.4000
-473.2000
-679.6000
-951.5000
-1349.5000
-202.8000
-290.4000
-415.3000
-628.0000
-193.3000
-355.3000
-693.7000
-1546.2000
-315.0000
-472.2000
-681.0000
-1013.3000
-449.3000
-428.2000
-645.9000
-1367.7000
-695.3000
-1093.8000
-1594.1000
-2137.0000
-403.4000
-752.9000
-1452.9000
-2556.5000
-321.7000
-579.5000
-1022.9000
-1732.7000
-235.3000
-385.9000
-704.5000
-1292.7000
-381.7000
-930.2000
-762.9000
-1206.2000
-253.6000
-528.1000
-679.8000
-1419.4000
-938.3000
-1541.4000
-1800.0000
-2316.7000
-2021.6000
-1774.5000
-1746.9000
-1865.2000
-1055.3000
-2026.3000
-3396.7000
-3677.3000
-1175.1000
-2029.9000
-2327.1000
-3700.2000
-259.9000
-374.8000
-540.7000
-792.4000
-172.1000
-248.4000
-361.6000
-534.7000
-512.2000
-729.8000
-1038.9000
-1488.1000
-166.9000
-250.5000
-387.0000
-609.6000
-177.5000
-332.3000
-671.2000
-1521.7000
-326.6000
-454.6000
-662.4000
-1002.7000
-380.3000
-637.9000
-1096.4000
-1792.5000
-373.4000
-635.4000
-1029.9000
-1537.1000
-325.1000
-534.2000
-929.6000
-1917.8000
-296.1000
-506.2000
-925.9000
-1571.4000
-276.0000
-489.3000
-863.7000
-1571.7000
-401.7000
-875.5000
-795.7000
-1409.3000
-306.1000
-749.5000
-940.7000
-1420.2000
-569.5000
-903.0000
-1244.2000
-1622.0000
-1893.2000
-1752.1000
-1359.2000
-1433.5000
-1247.8000
-2217.3000
-4025.7000
-4050.0000
-1795.8000
-2087.2000
-3852.5000
-3865.0000
-309.1000
-432.8000
-617.8000
-854.4000
-227.4000
-321.7000
-459.7000
-657.9000
-417.4000
-610.6000
-841.6000
-1223.6000
-264.4000
-375.7000
-541.1000
-785.1000
-279.3000
-493.2000
-886.9000
-1734.3000
-373.5000
-543.4000
-810.0000
-1213.8000
-1002.7000
-492.7000
-835.1000
-2185.8000
-220.5000
-392.8000
-700.2000
-1171.2000
-403.0000
-721.6000
-1386.7000
-2903.7000
-198.2000
-323.7000
-662.4000
-1139.5000
-378.8000
-704.3000
-1308.4000
-2348.8000
-664.0000
-641.7000
-1525.6000
-1902.8000
-373.8000
-550.6000
-1400.9000
-1391.1000
-364.9000
-571.4000
-662.3000
-993.6000
-1976.5000
-1760.3000
-1747.5000
-1917.6000
-752.0000
-1927.2000
-2256.3000
-3564.3000
-1017.4000
-3365.7000
-1717.6000
-5910.8000
-280.7000
-403.3000
-579.7000
-850.2000
-193.4000
-281.6000
-409.3000
-613.6000
-543.5000
-791.0000
-1100.6000
-1583.7000
-140.4000
-223.2000
-370.8000
-623.8000
-196.8000
-367.7000
-740.3000
-1711.2000
-316.0000
-432.2000
-646.6000
-958.1000
-644.7000
-947.6000
-1529.7000
-2312.1000
-180.0000
-302.1000
-476.8000
-719.4000
-295.5000
-479.2000
-868.2000
-1910.2000
-193.8000
-368.6000
-878.2000
-1293.5000
-362.5000
-758.2000
-1594.2000
-2680.7000
-338.6000
-419.9000
-1005.1000
-1283.5000
-514.9000
-514.4000
-1061.9000
-922.9000
-274.4000
-446.6000
-662.7000
-810.8000
-1328.2000
-1226.2000
-1522.1000
-1961.8000
-1261.8000
-2265.9000
-4028.8000
-4123.1000
-1348.3000
-1881.8000
-2590.9000
-3482.8000
-200.9000
-291.5000
-423.8000
-629.4000
-139.6000
-206.0000
-297.4000
-455.3000
-395.4000
-576.7000
-817.0000
-1193.1000
-150.8000
-228.8000
-364.1000
-595.2000
-136.4000
-260.5000
-552.8000
-1365.6000
-312.5000
-466.2000
-669.9000
-1000.8000
-319.2000
-534.3000
-888.3000
-1259.3000
-258.9000
-419.7000
-655.9000
-973.0000
-224.7000
-362.9000
-637.7000
-1216.5000
-174.4000
-305.9000
-655.0000
-974.6000
-354.2000
-617.5000
-1062.7000
-1819.1000
-331.9000
-872.8000
-1021.9000
-1392.0000
-253.9000
-622.3000
-1138.9000
-1004.6000
-486.2000
-756.7000
-760.1000
-1188.9000
-1346.2000
-1300.2000
-1468.6000
-1878.9000
-929.1000
-1600.6000
-3078.4000
-2870.5000
-1243.0000
-1399.8000
-3009.9000
-2569.7000
-178.5000
-260.7000
-372.4000
-565.9000
-128.8000
-187.6000
-270.7000
-413.2000
-330.1000
-472.4000
-665.3000
-972.0000
-222.2000
-313.6000
-449.3000
-664.1000
-136.3000
-256.6000
-532.8000
-1315.0000
-346.9000
-491.5000
-725.6000
-1094.2000
-335.9000
-340.1000
-489.6000
-1043.9000
-458.2000
-748.2000
-1135.8000
-1581.3000
-264.3000
-475.7000
-876.6000
-1660.7000
-251.2000
-435.1000
-734.3000
-1076.1000
-276.0000
-462.3000
-798.7000
-1477.4000
-278.2000
-452.5000
-746.0000
-1579.1000
-300.8000
-363.2000
-604.5000
-1008.5000
-578.1000
-888.0000
-1026.9000
-1475.4000
-2104.2000
-2041.3000
-2111.5000
-1757.0000
-754.6000
-1397.4000
-2524.7000
-2484.6000
-947.9000
-1611.5000
-2088.9000
-2865.9000
-312.5000
-446.8000
-633.4000
-917.5000
-213.1000
-306.8000
-445.5000
-650.6000
-610.6000
-869.1000
-1232.5000
-1714.3000
-230.0000
-336.4000
-456.6000
-746.4000
-212.5000
-390.9000
-754.2000
-1614.4000
-314.2000
-451.6000
-645.0000
-988.9000
-546.3000
-812.9000
-1371.9000
-2251.0000
-602.3000
-1049.1000
-1682.1000
-2360.9000
-343.6000
-555.2000
-1032.0000
-2411.3000
-279.2000
-518.5000
-1041.7000
-1864.2000
-410.0000
-658.7000
-1127.5000
-1965.8000
-432.4000
-633.0000
-1304.5000
-1450.7000
-446.4000
-703.9000
-1115.9000
-1852.2000
-607.4000
-901.1000
-1190.4000
-1521.5000
-2184.0000
-1770.6000
-1701.3000
-1814.5000
-1436.1000
-2608.3000
-4483.7000
-4794.9000
-1755.5000
-2239.2000
-3466.3000
-4184.6000
-704.8000
-990.6000
-1386.3000
-1911.6000
-524.5000
-752.0000
-1063.5000
-1496.2000
-917.6000
-1279.9000
-1768.0000
-2411.7000
-265.6000
-386.9000
-568.8000
-841.0000
-658.1000
-1154.6000
-1998.6000
-3441.0000
-514.0000
-770.6000
-1168.9000
-1799.3000
-2344.9000
-1289.4000
-1662.6000
-5281.0000
-352.9000
-602.2000
-991.3000
-1532.3000
-912.7000
-1656.8000
-3246.3000
-6636.7000
-274.1000
-502.7000
-1116.0000
-1975.8000
-441.6000
-795.5000
-1376.0000
-2415.5000
-552.5000
-559.4000
-938.2000
-1676.2000
-722.3000
-723.6000
-1241.5000
-2474.6000
-551.2000
-904.7000
-1126.0000
-1405.2000
-2791.6000
-2365.2000
-2073.2000
-1944.6000
-1290.4000
-4126.0000
-3496.3000
-7773.6000
-1315.7000
-4063.0000
-2324.4000
-7796.3000
-305.9000
-439.8000
-631.5000
-917.8000
-215.6000
-312.8000
-448.8000
-670.9000
-562.2000
-799.3000
-1127.5000
-1620.9000
-181.3000
-269.2000
-417.4000
-656.3000
-231.4000
-424.8000
-825.4000
-1793.9000
-293.1000
-433.2000
-636.9000
-926.3000
-785.9000
-905.1000
-1530.5000
-1886.9000
-405.0000
-671.9000
-1049.3000
-1539.4000
-360.5000
-621.2000
-1140.5000
-2179.8000
-256.8000
-451.3000
-901.6000
-1709.2000
-292.5000
-497.8000
-919.1000
-1711.8000
-495.2000
-447.7000
-640.3000
-1922.8000
-522.0000
-605.8000
-1170.6000
-1210.7000
-540.1000
-813.4000
-1152.7000
-1680.6000
-2071.0000
-1882.6000
-1612.5000
-1815.5000
-1225.4000
-2313.1000
-3987.9000
-4215.9000
-922.2000
-1822.7000
-1969.2000
-3384.6000
-272.7000
-389.7000
-560.6000
-814.4000
-200.8000
-288.8000
-413.4000
-604.8000
-522.1000
-745.3000
-1037.2000
-1460.2000
-187.6000
-277.1000
-420.8000
-655.9000
-198.9000
-365.2000
-719.7000
-1630.1000
-326.5000
-470.4000
-679.6000
-1016.9000
-606.7000
-657.5000
-1029.5000
-1624.2000
-375.2000
-624.9000
-959.4000
-1345.2000
-341.9000
-556.1000
-1028.4000
-2142.5000
-298.7000
-477.8000
-915.7000
-1468.3000
-339.1000
-615.3000
-1105.2000
-2113.1000
-335.5000
-524.5000
-830.6000
-1636.8000
-382.2000
-607.7000
-905.2000
-1315.7000
-488.9000
-739.0000
-1119.6000
-1365.7000
-1827.7000
-1632.4000
-1834.3000
-1674.5000
-1170.9000
-2201.3000
-3735.0000
-4016.0000
-1380.8000
-2111.0000
-2582.2000
-3895.4000
-310.5000
-443.1000
-628.9000
-917.5000
-218.5000
-314.7000
-450.5000
-654.0000
-588.5000
-840.7000
-1189.9000
-1690.2000
-234.7000
-348.3000
-515.2000
-741.7000
-220.3000
-406.1000
-786.7000
-1675.8000
-312.9000
-456.6000
-678.7000
-1016.8000
-699.6000
-1032.9000
-1714.4000
-2306.7000
-265.3000
-475.6000
-813.7000
-1243.0000
-314.8000
-529.1000
-1005.3000
-2413.6000
-242.4000
-439.3000
-934.5000
-1624.7000
-537.2000
-914.6000
-1464.4000
-2435.1000
-670.3000
-840.5000
-1326.7000
-1876.6000
-515.5000
-748.3000
-1398.5000
-1344.0000
-434.3000
-596.5000
-847.6000
-1106.0000
-2530.2000
-2135.9000
-1943.6000
-1846.2000
-1388.7000
-2582.6000
-4359.0000
-4753.3000
-1851.8000
-2538.9000
-3730.2000
-4717.6000
-227.1000
-330.2000
-474.3000
-712.8000
-160.9000
-233.7000
-344.1000
-513.1000
-434.9000
-623.5000
-884.4000
-1287.1000
-228.8000
-321.8000
-459.5000
-664.3000
-164.4000
-308.3000
-634.8000
-1547.6000
-318.0000
-444.6000
-661.1000
-978.3000
-525.7000
-691.0000
-1113.5000
-1509.0000
-378.9000
-618.7000
-940.3000
-1309.7000
-276.0000
-477.4000
-871.6000
-1596.8000
-271.2000
-452.1000
-807.5000
-1219.6000
-318.1000
-534.7000
-922.1000
-1697.2000
-396.3000
-492.5000
-663.2000
-1491.9000
-530.3000
-701.6000
-890.6000
-1375.7000
-521.2000
-799.6000
-1076.2000
-1428.3000
-991.7000
-1123.1000
-1450.0000
-1729.4000
-997.0000
-1797.4000
-3300.9000
-3215.8000
-741.7000
-1347.1000
-1660.3000
-2474.5000
-326.8000
-464.8000
-662.3000
-948.4000
-256.5000
-357.7000
-508.2000
-731.3000
-538.3000
-749.0000
-1056.1000
-1501.1000
-523.5000
-720.8000
-984.0000
-1314.5000
-270.7000
-493.1000
-918.5000
-1827.5000
-364.7000
-512.9000
-760.9000
-1125.6000
-1013.8000
-1349.0000
-1447.9000
-2826.9000
-2632.7000
-3363.4000
-3940.3000
-4429.6000
-371.6000
-680.9000
-1466.2000
-3127.5000
-1559.3000
-1753.1000
-2386.4000
-2920.6000
-507.5000
-822.2000
-1136.7000
-1673.9000
-1533.9000
-1608.5000
-1793.1000
-2006.2000
-376.6000
-786.1000
-718.9000
-1156.2000
-803.6000
-903.1000
-1011.0000
-1334.4000
-2569.4000
-2034.1000
-1790.8000
-1503.2000
-1056.2000
-2291.7000
-3337.1000
-4240.7000
-1447.0000
-2967.7000
-2772.7000
-5319.4000
