5.9803
5.3899
4.5220
4.1892
6.1440
5.7786
5.2428
5.0126
4.6960
4.1698
3.4783
2.7487
5.9164
6.1861
5.6130
5.0607
5.9618
5.6012
4.9564
3.4370
4.5051
4.2208
3.8473
3.3193
4.7490
4.1097
2.9853
2.0186
4.3957
3.8181
3.1612
2.2951
5.5696
4.9456
2.8432
1.1636
5.9443
4.9506
3.2770
1.2351
5.7232
4.9209
3.6336
0.9837
6.4370
4.4039
4.1755
3.3501
4.0368
3.9796
3.4721
3.3360
6.0482
6.3497
5.7788
4.6663
2.6567
2.9220
4.1307
4.5406
6.0716
5.6210
5.7815
5.0737
6.2701
4.9794
6.2898
3.7001
6.3662
5.8571
4.7812
3.9139
5.9521
6.3566
5.5773
5.1739
4.7294
4.3355
3.5997
3.1899
6.2284
6.0612
4.9130
4.6769
7.0601
5.8508
4.9185
3.4631
4.6554
4.4642
3.9512
3.6838
5.7199
4.2030
3.6516
2.9628
5.6953
4.5307
4.0181
3.0407
5.5978
4.6755
4.1357
2.1794
6.1256
5.7131
3.4212
2.4023
4.8479
2.9876
1.3146
0.0011
4.4241
3.3609
3.0277
1.8668
4.4718
3.8943
2.6779
3.7476
6.1125
5.6691
4.9615
4.1042
3.2012
3.5052
4.0602
4.5292
6.3134
5.4417
5.2815
5.1633
6.4657
5.2863
5.2894
4.3657
5.6577
4.9332
4.6333
4.2031
6.1556
5.9346
5.4761
4.9748
4.2664
3.9708
3.4962
2.8865
6.0963
5.3259
4.8900
4.0223
6.2895
5.4680
5.0442
3.8599
5.1411
4.3568
4.1166
4.0561
4.7663
4.0112
4.0405
3.7475
5.6420
5.2862
4.0167
3.1394
6.7540
5.4956
4.0633
2.0513
6.3812
5.4894
2.9134
2.3050
4.0972
2.7467
1.1835
0.2318
4.4822
3.1592
3.2949
2.1953
3.6389
3.9675
3.2864
2.4940
6.0724
5.2018
4.0841
3.1746
3.0691
4.3190
4.3324
4.7787
6.3791
6.3291
6.4226
5.6772
7.1519
5.3683
7.2244
4.5774
5.4224
4.7126
4.5692
4.1491
6.2587
5.5335
5.1055
4.6115
4.6109
3.8009
3.3602
3.1918
6.3431
6.2503
5.7506
5.2164
6.1279
5.2574
4.5181
3.8188
4.8605
4.0797
3.9199
3.9810
4.1859
3.6299
3.3104
2.9864
6.1904
5.8040
5.0490
3.8228
6.2497
5.3553
4.1230
2.8745
6.2008
5.2783
3.3519
2.0872
3.8308
2.8799
1.8057
0.2177
5.0162
4.1498
3.0091
2.5320
3.8672
3.1966
3.7443
2.2220
6.2796
6.1738
4.4390
3.8093
2.1846
3.4677
4.1456
4.4622
6.3606
6.0849
5.6956
5.6422
7.0925
5.3641
7.5093
4.4452
6.0674
4.9599
4.5067
3.7506
5.3632
5.9924
5.1954
5.0794
4.3942
3.8260
3.5131
2.6863
5.8862
5.5758
5.5214
4.6973
5.9436
5.4348
4.4073
2.9598
4.4813
4.0225
3.6862
3.0211
5.5234
4.7401
3.7652
2.8678
4.7612
3.6268
3.3591
1.2564
6.1235
5.4196
3.2779
1.7392
5.6819
4.6619
3.6520
1.7011
5.7688
5.0070
4.2115
2.8388
6.3912
5.3464
4.0623
2.4886
5.7415
3.9754
3.6886
2.4468
6.1323
6.0579
5.4043
4.8729
2.2532
3.1390
3.5815
3.8916
5.8073
5.7685
4.9962
5.3455
6.9079
4.6418
6.9696
3.4562
5.9690
5.2202
4.6122
4.3271
6.5998
6.0135
5.4025
4.9815
4.4476
4.1402
3.4706
2.8938
6.3009
5.5860
5.4588
4.7951
6.1222
5.3475
4.7406
3.7607
4.9074
4.5198
4.2405
3.5498
5.1215
4.9132
3.2543
3.1482
4.8464
4.2004
3.1443
2.2419
6.3887
5.4184
3.2220
1.3617
6.2207
5.2556
3.1443
1.3646
5.6713
5.0138
2.9724
0.1625
4.2870
4.1887
3.4593
4.3577
4.9822
4.2178
3.5077
2.6607
6.2927
5.1598
4.5809
4.5295
2.4979
3.1853
4.0643
4.3099
6.7354
5.6451
5.7812
4.8464
6.7096
4.6784
6.0834
3.6216
5.5277
4.7736
5.0361
4.0411
6.0599
5.9258
5.6409
5.0155
4.4842
4.1612
3.2411
3.0630
6.4343
5.9029
5.3734
4.7254
6.6107
5.6976
4.7561
3.5701
5.1387
4.9935
4.4439
4.0343
5.4763
4.2930
3.7454
2.6402
5.6128
4.5915
3.6046
2.5080
6.1076
5.6499
4.0555
2.4946
6.4535
5.1546
3.6710
2.0815
4.9382
3.7294
2.0062
0.2541
4.5117
3.6679
2.7598
2.4350
4.1394
3.8567
2.8971
2.4620
6.2615
5.8291
5.3139
4.1234
3.2414
3.6237
3.6728
4.0845
6.8139
6.2703
5.7575
5.5719
6.7968
5.0976
6.8230
4.0629
5.7942
4.9532
4.5653
4.0226
6.3824
5.8891
5.5503
5.2501
4.8804
4.1015
3.3546
2.9902
5.6533
6.0330
5.5981
5.0481
6.1336
5.7337
4.4079
3.6245
4.3798
4.1426
3.9670
3.4169
5.2632
4.6298
3.5128
2.5530
5.2066
4.0236
3.1600
1.8529
6.0610
5.4748
3.9823
1.9100
6.0243
4.7744
3.4007
1.1615
5.4142
5.1942
4.3505
2.2675
5.9987
5.6090
4.4175
3.3752
3.7531
4.4736
3.3614
2.4201
6.2314
5.7665
4.7210
3.5912
2.5447
3.1048
3.9329
3.9134
6.3157
5.6346
5.5131
5.0194
5.4693
5.0516
5.3726
3.8677
5.0153
4.9663
4.9275
4.2324
6.1390
5.7253
5.5290
5.0498
4.3447
4.3790
3.5254
3.2110
6.2497
5.1855
5.0790
4.3702
6.1682
5.4788
4.6419
3.7421
5.0945
4.8769
4.0706
3.7492
4.8719
4.5022
4.0103
2.7849
5.4623
4.8726
3.6539
2.0926
6.1941
5.4828
3.7282
2.2989
5.8074
5.1448
3.4575
2.1262
5.2463
3.6898
2.0056
0.0000
6.2917
4.6822
2.7374
2.4212
4.2251
3.5267
3.0209
3.0119
6.2626
6.7229
4.9944
3.3625
2.2221
3.1844
3.6560
4.7025
6.6439
6.0424
6.3356
5.2558
6.6762
5.3487
7.0169
4.3360
5.6304
4.9592
4.7984
4.1338
6.0724
6.2397
5.4323
5.0047
4.5347
4.0828
3.6677
3.0766
6.0585
5.6582
5.2097
4.7754
6.1809
5.6975
4.7245
3.7038
5.3254
4.7511
4.6091
3.7870
4.7217
3.9969
3.4605
3.0867
5.2847
4.5117
3.3133
2.4540
6.2953
5.0061
3.6405
1.9461
6.1208
4.9837
3.0515
2.2983
4.8349
3.0836
1.7091
0.0000
5.7560
4.9681
4.4367
2.7470
4.2471
3.8283
2.7448
3.1335
5.9345
5.4408
3.9283
3.8066
2.6603
3.3225
3.5816
3.9591
6.5110
6.0017
6.0218
5.2622
6.8590
5.1696
6.6447
4.0947
6.0426
5.3812
4.7014
4.0267
6.1313
5.9896
5.3158
5.3965
4.8858
3.9855
3.4044
2.9527
6.6078
6.0038
5.5892
4.8643
6.4644
5.5452
4.7174
3.5732
4.6786
4.2946
3.7777
3.4197
5.0727
4.5642
3.6706
2.8461
4.9214
4.3205
3.0235
2.1278
5.6990
4.7409
3.3668
2.0662
6.2871
5.5331
3.6889
1.7232
5.4658
4.5672
2.4718
0.2811
5.6784
4.7060
3.9284
2.1223
4.1375
3.5879
3.2270
2.5681
6.5025
5.4018
4.8815
4.1795
3.0740
3.8213
4.3589
4.3785
6.5024
5.9129
5.0613
4.9676
6.6652
4.8252
6.9839
3.7046
5.8593
5.2368
4.5372
4.1290
6.1973
5.8670
5.4780
5.0180
4.6739
3.7501
3.2896
2.7403
6.0035
5.7348
5.0294
4.1802
6.4247
5.4933
4.6341
3.9813
5.2622
4.8401
4.7710
4.1605
4.6419
3.8111
2.9878
3.0967
5.4546
4.7403
3.7998
2.5836
5.5567
4.8548
3.1523
2.3141
6.2802
5.5847
2.8687
1.7716
4.8493
2.9616
1.1688
0.0898
5.5670
3.6474
3.1111
3.1239
4.9761
3.8168
2.9977
4.8266
6.4695
4.5812
4.5289
3.6491
2.8766
3.5154
4.3812
4.2225
6.9028
6.6184
6.3199
5.8943
7.1934
5.5548
6.8444
4.3338
5.9200
5.4589
5.0628
4.5620
5.7982
6.0688
5.7278
4.9571
4.9842
4.4130
3.7982
3.0275
5.8679
5.8528
5.3429
5.0473
5.6025
5.6559
4.8226
3.5442
4.5129
4.0621
3.7192
3.0638
5.4380
4.6348
3.0974
2.6644
3.9194
3.3554
2.8692
2.1759
4.4517
3.5405
2.2366
0.5858
5.9711
5.3262
2.8133
0.9160
6.0417
5.1997
4.3037
2.2399
5.8347
4.7502
5.4449
5.2947
4.9577
5.0251
3.5361
2.6058
6.0840
5.7104
5.1990
4.1668
2.8534
2.8126
3.1784
3.9197
5.9092
6.1644
4.5698
5.1421
6.7076
4.3831
6.1336
3.3405
6.6346
4.9736
4.9129
4.2193
6.2891
5.7667
5.5646
5.5204
5.0142
4.3857
3.8621
2.9965
5.9750
5.6675
5.4684
4.5721
5.8834
5.0499
4.5246
3.6591
4.8509
4.7497
3.9467
3.6882
5.5350
4.6148
4.0220
2.9302
5.0132
3.5724
2.7295
1.9482
6.4888
4.8883
3.0980
1.5720
5.5616
5.1188
2.9769
1.6237
5.4451
4.4333
3.0085
0.9228
6.2505
4.4921
3.6997
3.0991
4.7226
4.0410
3.4378
2.3512
6.1895
4.7930
4.4844
3.4631
2.2455
3.1637
3.6617
4.5287
6.2959
6.0450
5.7184
5.0489
6.6873
4.7771
7.3468
4.0625
5.3574
5.1281
4.5582
4.2837
6.1671
5.9727
5.0114
4.5217
4.4303
3.7561
3.1608
2.8287
6.4632
6.4919
6.1416
5.7857
6.3013
5.5139
4.8198
3.6754
4.7046
4.0014
3.9335
3.2269
3.9613
3.9750
3.1621
2.9118
5.9748
5.0229
4.5891
3.7354
5.6440
5.2813
4.1488
2.2198
6.3449
4.9952
3.6878
1.8181
4.8054
2.8789
1.7878
0.4516
5.5737
4.2967
3.2924
2.5029
4.2312
3.4864
2.8235
1.4976
6.3548
6.3028
5.1231
3.9389
3.2302
3.5898
4.3953
4.4946
6.3744
5.8174
5.6906
4.5767
6.4042
5.1882
6.4917
4.0810
5.4955
5.6865
4.7217
4.3768
6.1512
5.8557
5.2257
4.7900
4.7742
3.8850
3.3975
3.1191
6.2195
5.3136
4.9799
4.5252
6.2220
5.6130
4.4645
3.7004
5.2335
4.7130
4.0807
4.0934
4.5639
3.9893
3.8526
3.0608
5.2472
4.3213
3.5516
2.5777
6.0919
4.8136
3.1263
1.9807
6.3745
5.1673
2.9691
2.5152
4.7070
2.6384
0.8015
0.0887
5.8537
4.8233
3.0345
2.2665
4.3607
4.6472
2.7860
3.5311
6.2278
6.2248
5.3853
4.6258
3.4464
3.4671
4.2665
4.5301
5.8972
5.9986
6.2887
4.8301
7.1111
5.0279
6.4950
4.2185
5.7778
5.1898
4.9387
4.2157
6.5353
5.9081
5.5511
4.9794
4.6136
3.8971
3.8361
3.0585
6.1181
6.0340
5.6035
4.6186
6.4308
5.3131
5.1683
3.8096
5.0970
4.5088
3.8272
3.8117
4.7057
4.1904
3.4826
2.7367
5.7500
4.6056
4.0856
3.0976
6.1330
5.4720
3.7787
2.4536
6.3960
5.1323
3.2898
2.1239
5.3234
3.3272
2.3696
0.0795
6.3477
5.1434
4.1180
1.9177
4.2280
3.1738
3.1154
2.3445
6.4770
5.5953
4.2500
3.2877
3.0323
3.8750
3.6680
3.6457
6.3268
5.6584
5.8708
4.5936
7.1591
5.1678
7.0116
4.0375
5.3627
5.1821
4.8182
4.0489
6.5982
5.5745
5.7060
4.8835
4.3841
4.0033
3.9091
2.9176
6.4893
6.5391
5.2288
4.5955
6.2089
5.4163
4.6486
3.9981
4.7992
4.6331
3.8542
3.6923
4.7361
3.9907
3.9140
2.9639
5.3615
4.0610
3.0588
2.2387
6.3593
4.8508
3.0455
1.5351
6.1303
5.0638
3.3945
1.6268
6.1336
4.4922
2.9977
0.6642
5.7459
5.8321
4.5578
3.0122
4.9956
3.7895
3.1396
2.5320
5.9666
3.9537
4.3256
3.2621
3.0670
3.4502
4.0037
4.6941
6.7652
5.7624
5.9888
4.5710
6.4499
5.1919
6.1432
4.2123
5.4128
5.0453
4.5200
3.8500
5.9914
5.7950
5.1777
4.8228
3.9857
3.7113
3.1638
2.9168
6.0762
5.9283
5.5441
5.2508
5.7302
5.0515
4.2047
3.3692
4.8526
4.6733
3.9439
3.7170
4.4053
4.2213
3.3746
2.8870
4.9316
3.5465
3.3332
2.2049
6.2753
5.2545
3.1425
2.1298
6.3875
5.1267
2.8641
1.4404
5.6984
4.6144
3.0590
0.7552
6.1535
5.3443
5.0560
4.5589
4.1887
4.0692
3.5387
2.4512
6.2851
5.9478
5.2413
4.0176
3.0094
3.4171
3.9343
4.2311
6.6663
5.8677
6.0322
5.0508
6.6025
4.8420
6.3990
3.7857
5.7276
5.0657
4.7243
4.3402
6.1806
5.9205
5.8102
5.1787
4.3482
3.9026
3.7254
3.3019
6.1387
5.6917
5.0310
4.1545
5.8651
5.2967
4.4261
3.6590
4.9815
4.0647
3.8210
2.8418
5.1538
4.6851
3.6909
3.4229
5.4841
4.8288
3.8583
2.6329
6.3312
5.6799
4.1010
2.0639
5.7943
5.3003
3.7024
2.0170
5.1081
3.3740
1.7642
0.1997
5.5127
4.4714
4.2128
2.3895
4.1471
4.2933
2.7137
2.4210
6.1878
4.8808
3.9328
3.2732
2.6585
3.4556
3.6844
4.2648
6.7989
6.6450
6.6901
5.5420
7.1482
5.2264
6.8102
4.3087
5.4995
4.9306
4.1230
3.9220
6.5811
5.7461
5.1793
4.5376
4.4093
3.7755
3.3211
3.1290
5.9313
6.1170
5.3332
4.8031
5.8166
5.6735
4.9949
3.5647
4.8805
4.4143
4.2868
4.1001
4.8272
4.1657
3.4974
3.1337
4.9409
4.0575
3.4510
2.4376
6.1342
5.5338
3.5748
2.7094
6.0221
4.8224
3.4260
1.3829
5.4990
4.8428
3.2014
0.3876
4.9394
6.0715
6.1867
1.8902
4.2748
3.6703
2.7792
2.8528
6.3159
6.1528
4.2063
3.7819
2.2144
3.1132
3.3753
3.8505
6.2876
5.6655
5.5948
5.4810
6.8155
5.0009
6.0485
4.1646
5.7508
5.1262
5.2559
4.2652
6.0543
5.8184
5.3659
4.9849
4.2899
4.0212
3.2065
2.9160
6.1804
5.6658
5.5605
4.7556
5.7574
5.1604
4.7856
3.6748
4.2766
4.2988
4.2631
3.3842
5.4561
4.4487
3.8166
3.0228
5.4592
4.6244
3.4365
2.2889
5.8893
5.0527
3.5807
2.2587
6.0761
5.6254
3.3609
1.0947
5.8961
4.5584
2.0616
0.0115
6.1860
6.0145
4.0152
2.6279
4.6401
3.7232
3.0087
2.4307
6.1066
5.8397
4.8359
4.5992
2.7779
3.1323
4.0542
4.3192
5.8118
5.9696
4.7941
5.2439
7.2871
4.4889
6.5349
3.4608
5.6629
5.5212
4.9465
4.1354
6.2718
6.1222
5.5725
4.9456
4.3715
4.0446
3.6248
2.9519
6.2138
5.7065
5.4093
4.8131
5.5238
5.5823
4.8985
4.0588
4.9389
4.4372
4.3955
3.7185
4.5380
4.1395
3.6881
2.3370
5.7511
4.7631
4.2093
2.9133
6.5410
5.6773
4.4198
2.8591
6.5091
5.3550
3.7072
2.1481
4.5914
3.5014
1.9526
0.1344
5.9242
3.8476
2.7510
1.5361
4.6282
3.7184
3.1498
3.0090
6.0927
4.3132
5.0536
3.6920
2.5002
3.3530
3.9731
4.2756
6.3597
6.4357
5.0600
6.7715
6.7489
5.1549
6.9953
3.9803
5.2768
5.0146
4.7097
4.0126
5.8914
5.6459
5.5111
4.6247
4.5696
4.1254
3.5624
2.9008
6.2724
5.8257
5.4912
4.8393
6.0847
5.2764
4.3094
3.7763
4.5428
4.7193
4.1267
3.4755
4.9204
3.7062
3.0293
2.7057
5.4790
4.6749
3.7826
2.7718
5.6013
4.6398
3.2122
1.8368
5.9154
5.4847
3.1568
1.5932
5.3598
4.1784
2.4117
0.1020
6.3718
5.9471
3.6514
2.7937
3.8749
3.5769
3.1608
3.3798
6.4557
5.1738
5.2075
4.1171
3.1613
4.2171
3.9500
4.1043
6.0766
6.2211
5.3665
5.7141
7.3902
5.2584
7.1417
3.5110
4.9933
4.8138
4.5003
3.8088
5.9615
5.8054
5.0461
4.8248
4.3143
3.5108
3.2365
2.6990
6.2784
6.4133
5.9992
5.4586
6.0363
5.1811
4.3723
3.3857
4.3978
4.3469
4.2891
3.3887
3.6739
3.5047
3.2662
2.7139
5.8052
4.2905
2.8231
1.8042
6.1577
5.1619
3.4551
1.5548
6.1274
4.7011
2.7475
1.1872
6.1832
5.9578
5.2345
4.6478
5.5604
4.4806
4.6136
4.5000
5.9851
4.0625
4.6849
3.1090
4.6924
4.0077
3.0503
2.2369
2.4394
3.4659
4.0468
4.2030
6.5333
6.3448
5.7213
4.5799
7.4927
4.9313
6.4371
3.4893
