34.8449
31.7643
28.8181
25.8261
40.7432
37.7701
34.7968
31.7957
29.8991
26.9068
23.8505
20.8886
39.7169
36.6665
33.8749
30.6500
39.3453
34.4088
29.3799
24.1260
34.6287
31.7757
28.7655
25.5015
32.1631
29.9208
26.0795
22.5177
29.4013
24.4910
20.5660
17.7454
31.8145
27.1423
22.8876
18.6703
36.5612
30.0807
23.6901
20.1713
32.7072
28.3218
22.9223
18.1425
30.7445
26.3517
23.4562
20.8516
26.8351
23.6809
21.9934
21.6696
28.1091
24.1717
22.3044
20.2385
20.7319
21.5818
21.8520
22.1797
25.3211
19.3180
15.7782
13.3890
27.0650
25.1067
20.2897
19.0881
34.8100
31.8326
28.8176
25.9013
40.7830
37.8290
34.8383
31.8147
30.0106
26.9517
23.8464
21.0074
40.0725
36.9232
33.5619
29.9838
39.3345
34.4027
29.4054
24.1319
32.8890
29.6053
26.5845
23.5539
33.2109
30.5423
29.3750
23.2193
35.1006
30.2375
26.1752
23.0187
33.5386
30.3122
26.9090
21.1113
38.1347
32.3530
27.0706
24.1078
30.2604
25.5090
21.9551
19.1848
30.1469
21.0984
20.2313
17.9197
27.7981
24.3945
20.4739
17.8197
31.8852
28.6644
27.3734
25.3362
22.5533
22.8463
22.3312
24.2732
25.3292
19.3540
15.7997
13.7081
31.7219
28.7445
25.7364
22.7309
34.8998
31.8540
28.7893
25.8419
40.6745
37.7171
34.7156
31.6935
30.0415
26.9366
23.9578
20.9706
38.6438
35.6841
32.4012
28.9368
39.2326
34.3044
29.2681
24.0225
34.2744
31.1963
28.0728
24.9301
31.6215
29.0188
26.1241
21.1466
35.0391
30.1041
25.9047
22.5479
36.1808
32.3494
28.0797
21.9581
39.4953
33.7785
27.8125
23.7167
29.4524
25.1784
21.2882
18.6644
29.5556
21.7469
20.2823
17.6100
27.3380
27.3567
20.0104
15.8814
31.6956
27.9008
26.5305
24.6235
22.1835
24.0444
23.8417
23.3448
25.4405
19.3961
15.9108
13.5216
28.2689
24.9934
21.6592
18.9773
34.8359
31.8047
28.8535
25.8434
40.6834
37.7357
34.8343
31.7538
29.9856
26.8680
23.9395
20.9451
37.9977
35.0622
31.7413
28.3946
39.3042
34.3758
29.3631
24.0595
32.9155
30.1946
27.0571
23.9316
32.0663
29.9443
25.2841
21.3768
36.5639
31.6266
27.2954
23.7271
34.6116
31.7142
28.0495
22.0762
38.7292
32.9769
27.4860
23.7911
28.2622
24.6204
20.8789
18.5050
28.1508
27.3312
19.5626
18.0162
26.6130
23.3492
21.1072
15.9885
34.3835
29.6538
28.3006
26.2801
24.1552
24.8188
26.1645
24.8433
25.3234
19.3449
15.7868
13.5784
28.6895
26.3666
21.9476
20.3546
34.8523
31.9227
28.9698
25.9931
40.6981
37.7179
34.7814
31.6951
30.0805
27.1118
24.1435
21.1378
39.2608
36.0649
32.8794
29.5208
39.2439
34.2897
29.1314
23.4899
33.1733
30.2183
26.9675
23.7112
33.0362
29.2895
24.9288
21.3181
28.6684
23.4118
18.8000
15.3510
32.6871
27.7344
21.8104
15.9497
36.5714
29.9337
23.0710
18.9947
33.3639
28.9826
24.4130
19.2411
29.6379
26.3821
19.3939
19.0211
40.2527
26.5902
21.4689
18.1953
25.2012
21.1073
18.8727
16.5535
17.8926
19.7716
21.9890
25.0908
25.3967
19.5313
15.8872
14.0237
25.3337
22.0692
19.3836
16.0377
34.8643
31.7820
28.8197
25.8061
40.3717
37.3755
34.3605
31.3236
30.1105
27.0488
24.1967
21.2058
39.3848
36.3157
33.0795
30.2857
38.7848
33.8383
28.7517
23.3732
32.3096
29.1430
26.0711
22.9796
31.4470
30.3146
26.4153
22.8371
28.9148
24.1328
20.3735
17.6403
32.2510
27.5687
22.8163
17.7775
37.0180
30.4943
24.0092
20.4645
32.2957
27.9416
22.9286
18.2078
28.1728
25.7190
23.2499
18.7046
32.0495
25.3670
21.6949
18.7684
27.4368
23.1632
21.3785
19.4656
20.2934
21.4443
22.3018
22.9519
25.7053
19.3084
16.3559
13.3361
25.7729
21.5873
19.8056
15.5759
34.8524
31.7806
28.7982
25.7935
40.7227
37.7347
34.7823
31.7685
29.9548
26.9506
23.9019
20.8976
39.6220
36.6458
33.3895
30.2042
39.3231
34.4019
29.3643
24.0732
34.5774
31.6448
28.5883
25.5018
32.3220
28.1427
24.5103
21.3505
32.9611
27.6891
22.7160
18.4648
35.2786
31.0573
26.1166
20.2229
38.9385
32.5759
25.7829
21.7077
29.9380
25.3822
21.0703
17.6932
28.7590
25.3280
22.6734
16.4335
27.8565
23.5091
20.0474
17.3974
29.6278
25.4600
23.1216
21.6107
21.2020
22.2773
23.3993
24.7702
25.3276
19.3306
15.7993
13.4504
27.0203
24.7816
20.4558
18.7669
34.8492
31.8573
28.8453
25.8992
40.4485
37.4990
34.4995
31.4428
30.1726
27.1138
24.1077
21.1691
38.8054
35.6939
32.5194
29.2741
39.0913
34.1165
28.9812
23.4482
32.3269
28.8636
25.6128
22.4709
32.5819
29.8903
26.0503
21.8854
26.7197
21.6781
17.4550
14.1851
32.6198
28.2472
22.9943
16.8246
36.4579
29.9866
23.5665
19.6569
32.5250
27.9785
24.3734
19.3609
30.2876
25.8523
23.9918
15.7825
25.8227
28.3284
23.0630
17.5972
24.7901
20.1768
18.9860
16.3402
17.5111
19.4521
20.8716
21.9165
25.5912
19.3182
16.2570
13.4094
24.3526
20.5244
18.8368
14.5145
34.8370
31.8397
28.8266
25.8446
40.7542
37.7485
34.7325
31.7577
29.9676
26.9232
23.9415
20.8984
38.6731
35.5011
32.1818
28.8268
39.3063
34.3707
29.3446
24.0988
34.2252
31.4133
28.2563
25.0659
32.8701
28.9729
24.4936
21.5733
31.9912
26.7354
22.0032
18.1994
34.9463
30.9063
26.4041
20.1894
38.6724
32.6872
26.1741
22.2868
30.5816
25.8814
21.1800
17.4111
30.6508
25.8310
22.7261
17.4439
27.4809
23.1301
21.3357
20.9871
28.6557
24.2682
22.3844
20.5753
19.8733
21.3335
21.8322
23.0351
25.3376
19.3109
15.8060
13.3554
25.3868
23.1933
18.9216
17.1658
34.8204
31.7766
28.7787
25.7752
40.5697
37.5800
34.5991
31.5742
29.9944
26.9604
23.9064
20.9487
38.2534
35.2384
32.0570
28.8705
39.1486
34.2141
29.1578
23.8755
33.4738
30.5090
27.3474
24.3720
32.4843
28.6499
24.2819
20.8912
33.0753
27.9783
23.5385
20.0285
34.3797
30.1893
25.4602
20.2618
38.3895
32.3247
26.0744
22.2612
30.0223
25.0387
20.7855
17.2924
30.8705
25.5802
19.9182
16.2264
27.0117
24.1888
19.3902
20.2730
27.9259
24.1033
22.1829
21.0672
20.5115
21.6926
22.4487
24.3386
25.3970
19.3117
15.8785
13.4021
26.6733
23.7797
20.6152
17.7463
34.8664
31.8705
28.9707
26.0211
40.7989
37.8097
34.8612
31.8009
29.9519
27.0232
24.0396
21.1462
39.9728
36.8991
33.7640
30.5131
39.3534
34.4259
29.2497
23.6259
33.7563
30.6625
27.4955
24.1210
32.6885
29.9060
25.8890
21.4855
30.6864
25.7504
21.6589
18.5899
32.8832
28.5642
23.6485
18.1291
37.3440
30.9860
24.7711
20.9911
32.0331
27.6872
22.4871
18.1016
29.3578
25.9288
21.8924
18.4888
29.6117
23.2146
20.4857
18.0527
26.5628
23.0956
20.9705
19.4966
20.3191
21.8040
22.2659
23.0693
25.3593
19.5548
15.8150
14.0170
26.1383
23.7913
20.1933
17.7707
34.8639
31.7831
28.7641
25.8982
40.6362
37.6201
34.6205
31.6229
30.0219
27.0421
23.9257
21.0749
39.1813
36.0249
32.7127
29.4072
39.1517
34.1913
29.1333
23.8638
32.1890
29.0238
26.0893
22.8416
31.7277
27.4202
25.8381
21.6740
31.2997
26.5636
22.6835
19.4763
33.7304
30.2702
26.4263
20.2838
38.3547
32.3079
26.7802
23.4748
29.6216
25.0225
21.1600
18.1976
43.1695
26.2085
20.1358
19.1198
30.0191
24.7606
21.0001
29.0210
30.1407
25.6295
24.1445
21.7816
19.9251
21.3520
22.2010
22.7598
25.5206
19.3046
16.0589
13.2953
25.5694
22.8745
18.9605
16.8721
34.8340
31.8048
28.8025
25.8317
40.5837
37.5534
34.5749
31.5553
30.0408
26.9567
24.0309
20.9881
39.3775
36.2833
33.2718
29.9486
39.1268
34.1824
29.1267
23.8166
34.3079
31.0949
27.9315
24.7795
33.2803
30.3367
26.8896
22.3182
27.5822
22.8112
19.0192
16.3554
30.9468
25.9981
21.1622
16.6106
35.4331
29.0637
22.6456
19.0391
35.2105
30.4737
25.7307
20.0927
29.3978
21.6717
24.1830
20.3806
32.4042
25.7317
23.3628
18.5598
24.1203
20.1555
18.9596
17.1533
20.6900
22.3069
23.3845
23.1018
25.4720
19.3241
15.9789
13.4018
26.8474
22.8828
20.5761
16.8549
34.8055
31.8096
28.8070
25.8524
40.7687
37.7618
34.8230
31.8077
30.0125
26.9025
23.9353
20.9989
39.7334
36.6517
33.4881
30.2284
39.3151
34.3949
29.3667
24.0418
32.7151
30.0702
27.0073
23.6916
33.2519
29.1097
25.7176
21.2084
30.9517
25.8099
21.3836
18.1157
32.1675
27.8913
23.3234
18.4801
36.8743
30.4108
24.0031
20.3581
32.8146
28.3129
23.2547
18.8909
38.4098
41.9749
22.9097
17.8387
31.4909
24.4661
22.6360
18.6175
26.3108
22.4165
20.5190
18.6983
20.4462
22.0431
23.7987
23.9167
25.3393
19.3438
15.8312
13.5267
25.5759
23.2674
19.2941
17.2521
34.9008
31.9234
28.9321
25.9863
40.3867
37.3654
34.3228
31.2065
30.2684
27.2037
24.2858
21.3872
38.0917
34.8594
31.5432
28.2593
38.8788
33.8497
28.6337
22.9778
32.6192
29.3601
26.2433
22.9734
31.2036
30.3023
25.7142
20.6379
33.3598
28.4475
24.2117
20.6652
34.4561
30.5040
25.4190
18.3444
38.6911
33.0231
27.1821
23.5435
29.8111
25.2339
21.0528
17.9335
27.1440
25.6627
20.1995
16.9220
28.6360
24.3533
20.1658
17.4346
30.9745
26.5994
25.3351
23.4626
19.7246
20.6901
21.1747
23.3048
25.7442
19.5674
16.2271
14.0473
28.0789
20.7722
22.2070
14.8010
34.8200
31.7740
28.7858
25.7491
40.7343
37.7277
34.7586
31.7367
29.9963
26.8672
23.9430
20.8313
39.8872
36.8378
33.7358
30.6246
39.2823
34.3463
29.2977
24.0657
33.6273
30.9486
27.7915
24.7559
32.0901
28.0149
23.9122
21.1794
33.6521
28.9814
25.3785
22.7180
33.8925
30.2782
26.5593
22.2645
38.5908
32.4168
26.5865
23.2734
29.9058
24.7758
21.0588
19.2276
30.8340
26.4840
20.7185
19.0854
27.3992
26.3790
20.5804
22.0151
31.7276
28.2876
26.2545
24.6976
23.3152
23.3042
22.8868
22.7883
25.3563
19.3012
15.8629
13.2980
27.7981
25.1214
21.4838
19.1104
34.9644
31.9362
29.0456
26.0218
40.7789
37.8477
34.8369
31.7232
30.0918
27.0334
24.2028
21.2409
39.5168
36.4045
33.2121
30.0086
39.3659
34.3782
29.0274
23.2858
33.4434
30.1542
27.1554
23.8436
31.8127
26.7540
23.0249
20.6891
33.5558
28.4021
23.9009
20.4398
34.1803
30.0846
24.7216
18.3586
38.4721
32.2574
25.9601
21.8879
30.3573
24.8934
20.5568
17.4976
29.4029
24.7335
19.7081
16.7230
31.2644
23.9605
19.3973
18.4503
28.0703
24.6445
24.1061
21.0665
20.9288
22.0164
22.0994
21.9381
25.3188
19.8015
15.7864
14.3558
25.3233
22.9511
19.3194
16.9143
34.8687
31.7915
28.9281
25.8343
40.6643
37.7157
34.7302
31.6909
29.9904
26.9135
23.9464
21.0436
38.8191
35.6901
32.4524
29.1643
39.2631
34.3331
29.2518
23.7947
31.5916
28.6439
25.6035
22.3982
32.5604
28.1167
25.7215
21.7788
31.1413
25.9289
21.3642
18.0211
32.2234
27.5287
22.6914
17.5836
36.8585
30.4723
24.0137
20.4032
32.5924
28.1683
22.5165
17.9026
25.9687
26.4099
23.1543
15.5817
27.6661
27.2425
21.5655
18.8688
26.6309
22.4717
20.9993
18.7509
19.6184
21.0341
21.9986
22.7080
25.3863
19.4140
15.8606
13.7259
28.1200
24.4752
21.7903
18.4730
34.8607
31.8181
28.8494
25.8007
40.7383
37.7901
34.8056
31.7809
29.9877
26.9358
23.9672
21.0006
38.8010
35.6713
33.1232
28.9181
39.3201
34.3824
29.3131
23.9199
34.4148
31.1020
28.1966
24.7800
32.7405
29.2415
25.2523
21.8501
28.3656
23.1661
18.7289
15.5438
33.5067
29.7049
25.2747
19.3876
37.6655
31.3446
24.9917
21.0535
31.2769
27.3788
22.8061
18.0881
28.7019
27.4648
18.8895
20.4357
29.5106
25.9504
22.2752
17.3355
27.2396
23.6550
21.6774
19.8005
19.0952
20.8731
22.6002
23.4950
25.4005
19.3198
15.9860
13.3740
24.8836
22.1760
18.9238
16.1599
34.6151
31.6536
28.6035
25.6206
38.5564
35.4097
32.2682
29.1087
30.9208
27.8869
24.9703
22.0753
38.6047
35.3464
31.9690
28.5202
36.9640
31.9115
26.6930
21.1549
29.5092
26.3229
23.0127
19.8988
27.4452
29.7339
26.5772
19.0881
30.2562
25.3502
21.2435
17.9089
33.5308
28.6539
22.5273
15.8475
39.7565
33.7071
27.3092
23.4583
31.0532
25.9480
21.2848
17.6371
48.8660
26.3153
20.7886
17.0250
28.1048
29.1339
20.5199
16.7160
27.2450
23.4644
22.1356
20.0240
18.2571
19.7613
20.8690
21.4290
27.9982
19.3749
18.7085
13.5291
23.5771
18.4985
18.2822
12.4786
34.8243
31.7927
28.7945
25.8286
40.6977
37.6412
34.6966
31.6273
29.9846
27.0354
23.9731
20.8705
39.3936
36.3553
33.1734
30.0688
39.1501
34.2018
29.1472
23.8462
34.6864
31.7323
28.3925
25.3289
32.2574
30.1360
25.8057
23.3719
30.0925
25.1241
21.0055
17.8955
33.5067
28.8160
23.6465
18.7334
37.6083
31.3602
24.7627
20.7757
32.4007
27.9606
22.5375
17.9146
31.1089
26.3447
23.1349
15.4022
27.4106
24.7125
19.9706
19.3424
26.6286
22.6381
20.4888
18.5141
20.0239
21.5165
22.2677
22.9421
25.4316
19.3156
15.9196
13.3814
27.0549
23.7934
20.6467
17.7769
34.8414
31.8133
28.7852
25.7961
40.6411
37.6766
34.6542
31.6820
29.9998
26.9561
23.9471
20.9627
39.4500
36.3071
33.1335
29.9349
39.2504
34.3015
29.2353
23.9783
33.2384
30.1412
27.1505
24.0541
32.5378
29.6166
26.1287
23.1216
31.5268
26.5898
22.4883
19.4569
32.7051
28.6527
24.8471
20.1533
37.3241
31.2879
25.2374
22.0280
31.9742
27.1292
22.0981
18.0771
29.4394
26.9257
23.2277
16.8211
29.2997
25.6728
21.6954
19.8209
28.7877
25.1231
22.6376
20.9649
21.9686
23.0038
23.6030
24.4402
25.4854
19.3072
15.9782
13.3150
27.0531
23.6215
20.4953
17.5995
34.8175
31.7763
28.8519
25.7893
40.6279
37.6702
34.6672
31.6063
30.0375
27.0053
23.9575
20.9694
38.9691
35.6582
32.2376
28.9895
39.2338
34.2983
29.2561
23.9802
34.3136
31.2515
28.1176
24.9457
31.3332
27.6835
24.4958
21.3093
33.6776
28.5211
24.0124
20.6555
35.9644
32.2170
27.7864
21.2364
39.5724
33.8108
27.5045
23.3407
29.5614
25.5325
21.8267
18.6509
43.4608
23.9804
20.4236
17.5663
29.0294
25.3272
19.7386
18.7474
29.9235
27.5920
24.7248
22.8717
19.4821
21.0403
22.0529
23.3476
25.4355
19.3408
15.9968
13.3587
26.0437
23.1131
19.8748
17.0947
34.8528
31.7858
28.8047
25.7287
40.6839
37.6197
34.6680
31.6540
29.9756
26.9115
23.9833
20.9650
38.4429
35.3605
32.1786
29.0795
39.2141
34.2822
29.2446
24.0389
33.3937
30.5500
27.3542
24.1904
32.1839
28.3336
24.8264
20.7246
31.2330
26.2807
22.1522
19.0756
33.2727
28.8124
24.2546
19.5393
37.2078
31.0306
24.8279
21.0888
31.7327
27.2093
22.0850
17.8627
29.0090
26.9417
23.3770
16.3835
25.8180
23.4781
20.3425
17.7067
27.5661
23.8785
21.9015
20.0908
23.0568
23.2249
22.8256
22.7428
25.3901
19.3068
15.8649
13.2965
28.6902
25.2965
21.7821
19.2743
34.7952
31.7893
28.7988
25.8068
39.2642
36.3009
33.3697
30.3222
30.4870
27.4966
24.5677
21.5851
34.9981
31.9724
28.8175
25.5980
38.0216
33.0882
27.9755
22.5820
32.8203
29.7236
26.5256
23.2845
30.3783
27.7342
24.5249
21.2650
20.8069
16.6316
13.7508
11.9231
35.8101
30.5715
23.4312
16.6163
31.8761
27.8335
23.2015
19.4086
36.6648
32.4039
29.9878
24.8624
28.8655
26.1060
23.0031
20.6154
35.5639
25.2693
28.1148
21.7969
22.7073
21.7004
20.7568
19.1330
17.0146
19.7599
21.4914
23.1836
25.7750
20.2192
16.3511
14.3848
26.7180
20.3548
21.0011
14.3906
