26.7439
23.6446
20.6638
17.6648
32.7758
29.6754
26.7169
23.6563
26.6638
23.6709
20.6335
17.6235
26.3464
23.2683
20.5002
17.3597
26.6634
21.6602
16.6510
11.6474
26.5805
23.6525
20.7685
17.6191
25.4408
23.3323
19.8990
17.1734
22.3203
18.4517
15.9031
14.1388
24.6972
20.8855
17.8000
14.6143
23.8223
20.6160
17.5795
15.4890
23.4946
20.5136
17.3350
14.3054
24.3288
20.3536
17.0887
14.4607
22.7285
20.2827
17.4989
13.9873
22.8222
20.1103
18.3713
16.5823
17.6884
18.4039
18.5197
18.8791
21.3007
15.2919
11.7583
9.3665
23.4493
21.4758
16.6539
15.4586
23.8283
20.7985
17.8173
14.8569
29.8800
26.8522
23.8806
20.8491
23.8694
20.8052
17.7269
14.8622
24.0768
21.0602
17.9961
14.8907
23.7792
18.7928
13.9028
9.2548
21.9480
18.6864
15.6963
12.7529
24.8750
21.8336
21.3278
15.8542
25.4833
21.6303
18.9436
16.8112
24.5045
22.0669
19.4775
14.3033
25.1683
22.2739
19.2811
17.1633
21.3459
18.4622
15.6910
12.8661
21.0129
17.0034
14.2662
10.9304
20.8275
18.3111
14.2915
11.4552
24.2557
21.7514
20.7865
18.9001
16.3461
16.6609
16.0057
17.7445
18.4150
12.4452
8.8832
6.7828
25.1578
22.1824
19.1487
16.1666
26.0322
22.9627
19.9304
16.9445
31.9822
28.9459
25.9439
22.9336
26.0509
22.9480
19.9596
16.9662
25.4073
22.5797
19.5607
16.5368
25.9432
20.9484
15.9619
11.0388
25.4010
22.3679
19.3505
16.3244
26.1554
23.1874
20.7495
16.3058
28.2691
24.2837
21.2777
18.7508
29.6094
26.3009
22.7419
17.4031
29.0675
25.8033
22.2087
19.0131
23.5441
20.6248
17.4130
14.6789
23.1346
19.8566
17.3815
13.6005
22.9081
21.3259
16.5024
12.9714
25.8066
23.1644
22.0049
20.6080
18.0936
19.8606
19.5859
19.0996
20.6382
14.6160
11.1253
8.7412
23.6963
20.4430
17.0696
14.4218
25.2765
22.2056
19.2303
16.2665
31.3005
28.2356
25.2907
22.2111
25.2883
22.1797
19.2383
16.2436
25.0646
22.2149
19.0260
15.8330
25.2185
20.2344
15.3030
10.3930
23.3106
20.5945
17.6410
14.6078
25.3868
23.6007
19.3808
15.3639
29.0445
25.0845
22.0200
19.3266
27.5295
25.4654
22.6380
16.9568
28.3864
25.4950
21.8887
18.8537
22.8341
19.9336
16.4537
13.7466
21.5403
20.2236
16.1061
13.8913
21.9532
18.8759
16.0563
12.6255
28.5375
24.9827
23.7165
21.8662
19.4390
19.9831
21.3528
19.9786
19.8489
13.8616
10.3081
8.1026
23.4536
21.1606
16.7055
15.1418
25.5136
22.5339
19.5989
16.6586
31.5023
28.4514
25.5106
22.4796
25.5767
22.5629
19.5880
16.6006
25.1780
22.0782
19.1135
16.1448
25.4794
20.5702
15.7210
10.8776
23.8879
20.8667
17.7953
14.7825
25.6091
22.2220
18.4037
15.1971
20.3184
16.1798
13.0849
10.7536
25.2446
20.7914
15.6379
10.8783
23.0466
19.0904
15.4861
13.0791
22.6623
19.5400
16.5674
13.3972
22.4377
19.1091
16.8898
12.0106
29.4937
19.0288
16.2492
12.9661
19.2694
15.9726
14.0893
12.0173
13.3413
15.1652
17.2978
20.4362
20.1124
14.2360
10.6002
8.7498
20.5670
17.3448
14.5989
11.3123
29.1271
26.0644
23.0970
20.0946
34.9316
31.8830
28.8688
25.8289
29.0975
26.0234
23.1296
20.1516
28.7862
25.7194
22.5541
19.8747
29.0536
24.0900
19.1179
14.1251
26.3598
23.2777
20.3254
17.3100
28.0731
26.1502
22.8898
19.7849
24.4142
20.5638
18.0414
16.2211
27.9225
23.8475
19.9078
15.8570
26.8292
23.2798
20.0716
17.9425
25.8528
22.7352
19.6209
16.5142
24.8423
22.2979
19.8092
16.4306
26.2409
22.8851
19.4699
16.3874
24.3259
21.0888
19.6765
18.0656
19.0757
20.1598
20.8910
21.3644
23.9279
17.5228
14.5678
11.5493
24.0897
19.9038
18.1137
13.8840
26.4092
23.3430
20.3706
17.3495
32.4322
29.3823
26.3868
23.3732
26.4098
23.3894
20.3442
17.3398
26.0313
23.0758
19.9640
17.0950
26.3521
21.3543
16.3517
11.3624
26.1538
23.2748
20.2609
17.3105
26.8708
22.9129
19.5150
16.7644
27.2056
22.8695
19.0564
15.4909
29.3649
25.6893
21.5593
16.5992
28.5801
25.0287
20.9099
17.8572
23.8975
20.9813
17.6601
14.5357
23.6630
19.8922
17.7115
13.8372
22.9557
20.1046
16.9752
14.1098
24.7160
21.5301
19.6683
18.2230
17.6446
18.6115
19.5627
20.7347
20.9961
14.9975
11.4646
9.1154
23.2042
20.9693
16.6220
14.9500
28.3113
25.2694
22.3202
19.3728
34.1825
31.1583
28.1548
25.1310
28.3937
25.3259
22.3307
19.3663
28.0960
25.0542
22.0486
19.1048
28.2499
23.3021
18.3886
13.4921
25.7435
22.2109
19.1430
16.1337
27.8080
25.0905
21.8604
18.4049
21.5030
17.4372
14.6429
12.5520
27.5430
23.7735
19.3246
14.2216
25.7731
21.7947
18.1691
15.8421
25.3323
21.9338
18.9529
15.8809
25.9896
21.3887
19.2945
16.3537
24.2624
21.5392
19.1198
15.7499
21.2978
17.8398
16.7639
14.5381
15.8764
17.6060
18.9548
20.0183
23.0638
16.7877
13.7376
10.8808
22.2002
18.5238
16.6373
12.5209
28.5512
25.4967
22.5105
19.4829
34.5963
31.5123
28.4944
25.4654
28.5624
25.5193
22.5212
19.4714
28.1053
25.1276
22.1698
19.3435
28.4893
23.4881
18.4888
13.5548
28.0161
25.1902
22.1334
19.0872
29.0243
25.7941
21.6949
18.8248
28.0127
23.7510
20.3403
17.4718
30.7217
27.3703
23.6514
18.5555
29.9909
26.5184
22.7565
20.0156
25.6131
22.7943
19.4976
16.4507
26.5808
22.0777
19.0966
16.1851
25.1319
22.0134
20.0991
15.7827
25.8572
22.5820
21.1912
19.3260
18.6829
19.8573
20.2739
21.2251
23.1298
17.1129
13.6037
11.1576
23.6060
21.4755
17.0841
15.4568
28.3185
25.2635
22.2697
19.2696
34.2849
31.2267
28.2110
25.2015
28.3218
25.2702
22.2290
19.2660
28.2418
25.3051
22.3195
19.4154
28.2610
23.2695
18.2593
13.2235
26.9523
23.9717
20.8991
17.9822
28.6170
25.3231
21.4071
18.2027
28.4290
24.2755
21.1413
18.5992
30.2497
26.7427
22.7172
18.2968
30.0626
26.4553
22.6763
19.8862
25.3748
22.2616
19.0447
16.0455
27.1201
21.8644
18.8150
15.5886
24.9241
22.1951
19.0866
15.1882
25.0891
22.1123
20.5388
19.4543
18.7716
19.7992
20.5596
22.2695
22.9498
16.8570
13.4272
10.9459
24.4883
21.6947
18.4308
15.6572
25.0208
22.0013
19.0898
16.1518
31.0334
27.9960
25.0170
22.0257
24.9861
22.0417
19.0381
16.1471
25.0459
22.0110
19.0275
16.0800
24.9622
20.0581
15.1687
10.2362
23.9439
20.8332
17.7963
14.6762
24.8878
22.6306
19.3098
15.2688
21.8524
18.0007
15.3389
13.3280
24.6913
20.9683
16.9172
12.3848
23.6425
20.1627
17.0165
14.6722
21.9358
18.7033
15.9097
12.8205
23.4449
18.2750
15.3525
12.3953
21.2687
18.8032
15.2832
12.8209
19.6299
17.4023
15.6437
14.4360
15.1108
16.4905
16.8223
17.6380
19.5663
13.7914
10.0345
8.2607
20.6674
18.2750
14.6949
12.2717
30.1536
27.0907
24.0605
21.1431
36.0862
33.0339
30.0262
27.0031
30.1337
27.1153
24.0456
21.1532
29.9265
26.9509
24.0114
21.2156
30.0995
25.1161
20.1630
15.3665
27.4407
24.3012
21.4092
18.3632
29.8183
26.0057
24.4401
20.4109
29.5574
25.5398
22.6009
20.0122
31.3357
28.5409
25.1980
19.7826
31.7830
28.4455
25.1624
22.6609
27.0338
24.1557
21.2909
18.3525
40.3496
23.5769
20.9704
18.0382
28.2744
23.6527
20.8478
24.1526
28.9845
25.2872
24.2607
22.0919
20.1526
21.5057
22.1629
22.6025
24.8405
18.6268
15.3886
12.6184
25.1057
22.4244
18.4929
16.4201
26.9323
23.8891
20.8595
17.8715
32.8561
29.8131
26.8286
23.7712
26.9398
23.8398
20.8875
17.8745
26.9144
23.8334
20.8983
17.7564
26.8671
21.8735
16.8820
11.9386
26.4426
23.2003
20.1602
17.1342
26.1496
23.3133
20.4672
16.7672
19.5564
16.0073
13.7679
12.2586
23.7548
19.4828
15.5491
12.2626
21.9362
18.3553
15.5546
13.7387
23.8496
20.6615
17.5295
14.4840
23.3801
20.1906
18.0191
14.0385
23.8968
20.2606
16.9995
14.0737
18.7765
16.0082
15.0476
13.4927
17.0230
18.7052
19.8172
19.6370
21.5935
15.4401
12.0949
9.5178
22.8741
19.0568
16.5869
13.0374
26.8873
23.8264
20.8326
17.8847
32.9176
29.8657
26.8355
23.8576
26.9140
23.8248
20.8488
17.8932
26.6952
23.6617
20.6634
17.7368
26.8246
21.8407
16.8964
12.0029
24.8261
22.0418
19.0896
15.9678
26.9320
23.5642
20.6621
16.5879
24.0578
20.0601
17.1079
14.8843
25.8828
22.3149
18.6438
14.8118
25.1657
21.8771
18.5680
16.2621
24.2344
21.1167
18.3526
15.3435
31.9965
35.0528
17.4576
14.4951
24.0853
20.4782
17.9904
15.2378
21.7269
18.8399
17.3453
15.6212
17.3682
18.8746
20.6426
20.7825
21.4676
15.4713
11.9545
9.6547
22.0013
19.7217
15.7052
13.7056
26.0528
23.0331
20.0962
17.1898
31.7930
28.7678
25.7551
22.7320
26.0760
23.0127
20.0936
17.1541
25.6155
22.7003
19.8240
17.0929
25.9970
21.0794
16.2668
11.4985
23.5909
20.4465
17.4385
14.4162
25.2174
24.1311
19.8941
15.3096
26.6441
22.7654
19.7461
16.9545
27.4610
24.3549
20.1401
13.5533
27.5843
24.5711
21.3286
18.6422
23.1514
20.2548
17.0168
14.0532
22.4831
18.8776
17.0924
13.8889
23.0206
19.6249
16.3862
13.4996
25.1723
22.0890
21.0719
19.3546
15.5610
16.3784
16.7192
18.8394
20.7905
14.6258
11.2860
9.1112
23.3424
15.9985
17.4675
10.0260
27.4156
24.3694
21.3542
18.3209
33.4346
30.3730
27.3716
24.3454
27.4302
24.3182
21.3829
18.2585
27.3007
24.2324
21.2266
18.3499
27.3621
22.3637
17.3332
12.2842
26.2363
23.5353
20.4152
17.4838
27.2669
23.7397
19.8874
17.5142
27.8438
24.0574
21.6041
19.7418
28.4762
25.4387
22.4947
18.8729
28.6535
25.5145
22.1945
19.7821
24.2583
21.1517
18.0430
16.1580
25.5851
20.6668
17.8666
15.9065
24.0026
21.3001
17.9491
14.4414
27.1073
24.6764
23.0526
21.6743
20.4664
20.3505
19.8684
19.7771
22.0186
15.9633
12.5226
9.9569
24.5440
21.8598
18.2292
15.8414
25.1155
22.1109
19.2367
16.2718
31.0626
28.0569
25.0870
22.0835
25.1222
22.0632
19.2110
16.2515
25.0229
22.0246
19.0824
16.2713
25.0336
20.1854
15.2860
10.3140
23.6627
20.4252
17.4745
14.4651
24.7720
20.6233
17.2212
15.0558
25.1225
21.1908
18.1747
15.6993
26.9385
23.4444
18.6755
12.9061
26.3790
22.8307
19.2700
16.2790
21.9587
18.8189
15.5758
12.7540
22.3048
18.4094
15.7504
12.5347
21.7293
18.4248
15.3665
13.2261
21.2381
19.1534
19.1384
16.0834
15.8419
16.9421
16.9159
16.9028
19.5831
14.0495
10.0422
8.6185
19.7840
17.4215
13.8108
11.3970
24.1137
21.0341
18.0792
15.1128
30.0853
27.0217
24.0447
21.0552
24.0942
21.0031
18.0242
15.1158
23.7271
20.7112
17.7394
14.8372
24.0360
19.0744
14.1647
9.3807
20.8198
17.9556
14.9669
11.8617
23.8326
19.8536
17.9899
14.6423
21.0145
17.1192
14.2042
12.0174
23.3651
19.4618
15.4827
11.1565
22.6850
19.1312
15.6969
13.4455
21.1923
18.3475
15.0174
11.8240
22.0014
18.1030
14.6240
11.4246
19.5981
17.7102
14.7404
11.8941
19.1140
16.1919
15.0741
12.8804
13.6452
14.9389
15.7905
16.2686
18.7028
12.7247
9.1731
7.0496
21.8045
18.2589
15.4704
12.2401
28.4265
25.3895
22.3935
19.3756
34.4177
31.3746
28.3767
25.3766
28.4346
25.3553
22.3889
19.4084
27.3966
24.4513
22.1808
18.7023
28.3619
23.3850
18.4183
13.4738
27.9471
24.7847
21.8986
18.7017
28.2758
25.5057
22.2046
18.9964
23.9472
19.6787
16.5616
14.3168
28.8818
25.8095
22.2000
17.1968
28.0883
24.3186
20.5224
17.8557
25.3332
22.1826
19.0984
16.0934
24.4053
23.2505
19.5637
16.1665
26.5396
22.1239
19.0685
16.3077
24.5482
21.6941
19.9297
18.1394
17.7738
19.4975
21.3586
22.3034
23.0510
16.9703
13.6320
11.0237
23.0499
20.3278
17.0619
14.3109
32.0261
29.0313
26.0561
23.1169
36.7870
33.6779
30.6315
27.5520
32.0610
29.0154
26.0611
23.1404
30.9476
27.9976
25.1197
22.3422
31.9998
27.0605
22.1129
17.0578
25.9453
22.7243
19.6409
16.6275
27.5802
29.5039
26.6714
19.4581
29.4583
25.3859
22.2915
19.6072
32.7919
28.3981
22.7038
16.4573
33.1349
29.4601
25.9660
23.4831
28.3378
25.4571
22.1741
19.1190
49.7651
25.2827
22.3662
18.7496
28.1181
24.8419
21.2007
19.2222
27.0172
24.4349
23.3595
21.3667
19.5180
20.9184
21.9902
22.6565
28.5240
19.8901
19.2351
14.0497
24.2606
19.1419
18.9648
13.1220
27.6901
24.6230
21.6256
18.6181
33.6594
30.5853
27.6145
24.5583
27.6686
24.6730
21.6329
18.5699
27.3088
24.2876
21.2231
18.3804
27.6217
22.6256
17.6111
12.5787
27.5253
24.5175
21.3385
18.3902
27.5202
25.4057
21.6620
19.4708
24.1351
20.2132
17.4706
15.3729
27.6524
23.6168
19.5785
15.7629
26.1834
22.8471
19.5443
17.1327
24.6657
21.5660
18.5114
15.2748
26.2446
21.4264
18.0398
14.9171
24.1858
21.4542
17.9358
15.1868
22.4076
19.6890
17.9687
16.1328
17.5714
18.9888
19.5968
20.2560
22.3357
16.1998
12.8107
10.2674
24.2661
21.0226
17.8324
15.0033
27.3115
24.2552
21.2166
18.2229
33.2577
30.2086
27.2144
24.1754
27.2741
24.2398
21.2437
18.2500
27.2211
24.1318
21.1215
18.2224
27.2444
22.2455
17.2332
12.2702
25.6348
22.5574
19.6753
16.6747
27.1345
24.4589
21.6318
18.9949
25.2970
21.4020
18.6839
16.6703
26.7890
23.5827
20.6182
16.7470
26.5955
23.4963
20.2738
18.1455
24.4928
21.5265
18.4152
15.3008
24.4233
21.3831
17.5688
14.4367
24.5066
21.2320
18.0049
16.1758
24.3294
21.6273
19.5563
18.3277
19.1319
20.2250
20.6750
21.4926
22.0075
15.8245
12.4969
9.8314
23.7346
20.3320
17.1699
14.3127
27.9315
24.8721
21.8855
18.8866
33.9016
30.8790
27.8718
24.8203
27.9719
24.9166
21.8874
18.9010
27.6965
24.8049
21.9818
19.3680
27.8762
22.8872
17.9101
12.9826
27.4089
24.4012
21.3400
18.2903
27.6416
24.4177
21.4819
18.4628
29.3657
25.0136
21.5384
18.8923
31.6037
28.5715
24.6615
18.7015
31.5260
28.0816
23.9792
20.6919
25.5015
22.7694
19.6748
16.7239
37.6503
21.5859
18.7345
16.2300
25.5611
21.4746
18.8268
16.6867
26.9104
25.1323
22.4221
20.8269
17.5452
18.9764
19.7873
21.0591
22.5949
16.4912
13.1529
10.5113
23.4185
20.4998
17.2467
14.4792
26.1852
23.0837
20.0704
17.0316
32.1620
29.0639
26.0760
23.0501
26.1592
23.1013
20.1454
17.1132
25.9521
22.9591
19.9447
17.0794
26.1042
21.0957
16.0604
11.0736
24.7179
21.8437
18.7878
15.7177
26.1941
22.7523
19.6668
16.0721
23.5993
19.7168
17.0242
15.0229
26.5848
22.8551
19.0297
15.1020
25.7901
22.1197
18.6354
16.2035
23.3452
20.2069
17.1373
13.8628
22.5378
20.4015
17.0284
13.6089
22.6590
20.1895
16.9698
13.7117
21.4815
19.1177
17.3912
16.0097
19.3056
19.2293
18.7925
18.6316
20.7930
14.6967
11.2594
8.6863
24.4592
21.0362
17.5945
15.0188
28.0388
24.9755
22.0175
18.9924
33.2401
30.1708
27.1922
24.1757
27.9959
24.9914
22.0497
19.0442
27.3014
24.3119
21.2379
18.1412
27.9700
23.0081
18.0272
13.0105
25.5012
22.5892
19.4878
16.4529
27.1849
24.5042
21.4237
18.0375
13.2758
10.2177
8.7139
7.8415
31.0017
25.6079
18.0072
12.2563
24.1030
19.0076
14.8657
11.9185
27.6369
23.4081
20.3488
16.7428
22.5576
20.3947
17.1057
14.0606
29.9845
21.6583
20.1472
15.3418
19.6852
18.0167
17.4383
15.5025
13.5876
15.9569
17.6564
19.8043
22.6679
17.0306
13.2021
11.1871
23.7293
16.9866
17.9804
10.9929
