0.9890
0.9786
0.9598
0.9254
0.9966
0.9939
0.9888
0.9788
0.9575
0.9222
0.8610
0.7729
0.9988
0.9981
0.9970
0.9943
0.9961
0.9892
0.9686
0.9077
0.9877
0.9782
0.9571
0.9194
0.9809
0.9726
0.9460
0.9017
0.9859
0.9453
0.8163
0.5848
0.9793
0.9387
0.8361
0.6078
0.9939
0.9741
0.8894
0.7674
0.9895
0.9741
0.8764
0.5564
0.9731
0.9384
0.8854
0.8098
0.9501
0.8564
0.8128
0.8687
0.9756
0.9376
0.8889
0.8411
0.9098
0.9495
0.9705
0.9816
0.9956
0.9808
0.9736
0.9143
0.9842
0.9670
0.9378
0.8493
0.9732
0.9498
0.9073
0.8365
0.9919
0.9857
0.9732
0.9496
0.9053
0.8318
0.7179
0.5840
0.9973
0.9960
0.9931
0.9858
0.9904
0.9741
0.9266
0.8049
0.9658
0.9324
0.8736
0.7822
0.9696
0.9518
0.9396
0.8891
0.9919
0.9734
0.9167
0.8130
0.9639
0.9315
0.8740
0.7783
0.9876
0.9580
0.8818
0.8055
0.9388
0.8283
0.7092
0.6545
0.9466
0.7890
0.6852
0.5876
0.8933
0.7322
0.5539
0.7263
0.9839
0.9567
0.9395
0.9018
0.9216
0.9537
0.9722
0.9847
0.9926
0.9697
0.9599
0.8695
0.9900
0.9806
0.9658
0.9187
0.9703
0.9437
0.8953
0.8210
0.9908
0.9835
0.9697
0.9435
0.8958
0.8144
0.7016
0.5689
0.9971
0.9959
0.9931
0.9860
0.9890
0.9705
0.9167
0.7841
0.9700
0.9433
0.8948
0.8176
0.9614
0.9392
0.9299
0.8812
0.9950
0.9847
0.9517
0.8822
0.9826
0.9656
0.9315
0.8531
0.9910
0.9730
0.9209
0.8425
0.9437
0.8757
0.7672
0.6908
0.9460
0.8226
0.8021
0.7455
0.8401
0.8682
0.5118
0.3458
0.9887
0.9722
0.9583
0.9366
0.9135
0.9544
0.9712
0.9827
0.9932
0.9749
0.9636
0.8885
0.9893
0.9812
0.9620
0.9222
0.9737
0.9504
0.9095
0.8376
0.9919
0.9858
0.9738
0.9498
0.9057
0.8293
0.7228
0.5832
0.9974
0.9964
0.9938
0.9871
0.9905
0.9745
0.9274
0.8036
0.9674
0.9395
0.8856
0.7998
0.9609
0.9445
0.8953
0.8070
0.9943
0.9827
0.9458
0.8735
0.9682
0.9415
0.8955
0.8261
0.9885
0.9613
0.8800
0.7911
0.8956
0.8287
0.7370
0.6718
0.9384
0.9029
0.7562
0.6847
0.8228
0.7103
0.7597
0.4319
0.9892
0.9685
0.9560
0.9258
0.9303
0.9607
0.9780
0.9849
0.9932
0.9726
0.9646
0.8831
0.9881
0.9782
0.9566
0.9116
0.9936
0.9880
0.9775
0.9572
0.9981
0.9966
0.9936
0.9876
0.9757
0.9555
0.9185
0.8612
0.9993
0.9990
0.9981
0.9960
0.9977
0.9936
0.9805
0.9375
0.9911
0.9825
0.9666
0.9368
0.9886
0.9749
0.9421
0.9004
0.9898
0.9595
0.8522
0.6262
0.9890
0.9680
0.8855
0.6630
0.9964
0.9843
0.9282
0.8245
0.9943
0.9852
0.9481
0.8237
0.9890
0.9677
0.8719
0.8440
0.9991
0.9556
0.8593
0.7473
0.9824
0.9452
0.9120
0.8518
0.9046
0.9491
0.9735
0.9866
0.9931
0.9642
0.9553
0.8558
0.9828
0.9602
0.9401
0.8176
0.9863
0.9735
0.9520
0.9132
0.9955
0.9921
0.9855
0.9731
0.9500
0.9073
0.8464
0.7505
0.9986
0.9978
0.9963
0.9937
0.9946
0.9855
0.9589
0.8842
0.9706
0.9434
0.9044
0.8464
0.9826
0.9718
0.9462
0.9108
0.9877
0.9529
0.8414
0.6433
0.9789
0.9445
0.8510
0.6536
0.9936
0.9740
0.8935
0.7696
0.9869
0.9674
0.8641
0.5683
0.9659
0.9486
0.9142
0.7643
0.9820
0.9040
0.7486
0.6932
0.9797
0.9383
0.9026
0.8565
0.9113
0.9515
0.9734
0.9849
0.9956
0.9846
0.9753
0.9317
0.9832
0.9683
0.9391
0.8597
0.9853
0.9716
0.9480
0.9048
0.9955
0.9919
0.9850
0.9711
0.9463
0.9035
0.8345
0.7402
0.9987
0.9982
0.9970
0.9944
0.9946
0.9854
0.9578
0.8823
0.9861
0.9746
0.9518
0.9125
0.9799
0.9552
0.9247
0.8822
0.9946
0.9792
0.9090
0.6909
0.9886
0.9736
0.9324
0.7892
0.9950
0.9827
0.9284
0.8469
0.9707
0.9151
0.7984
0.5826
0.9684
0.9339
0.8874
0.6540
0.9244
0.8156
0.7122
0.5489
0.9879
0.9609
0.9363
0.9127
0.9175
0.9522
0.9741
0.9852
0.9951
0.9793
0.9714
0.9079
0.9862
0.9699
0.9494
0.8629
0.9900
0.9812
0.9640
0.9364
0.9969
0.9944
0.9898
0.9804
0.9637
0.9331
0.8840
0.8153
0.9991
0.9987
0.9978
0.9958
0.9964
0.9900
0.9711
0.9165
0.9849
0.9667
0.9374
0.8941
0.9864
0.9747
0.9521
0.9157
0.9880
0.9539
0.8469
0.6448
0.9832
0.9632
0.9117
0.7581
0.9944
0.9776
0.9189
0.8423
0.9909
0.9763
0.9525
0.8260
0.9946
0.9809
0.9692
0.8861
0.9295
0.9828
0.8795
0.7485
0.9802
0.9481
0.9211
0.8707
0.9054
0.9508
0.9752
0.9860
0.9953
0.9800
0.9691
0.9112
0.9834
0.9629
0.9381
0.8340
0.9759
0.9549
0.9173
0.8556
0.9927
0.9869
0.9756
0.9547
0.9143
0.8507
0.7578
0.6396
0.9983
0.9977
0.9965
0.9936
0.9912
0.9762
0.9332
0.8261
0.9757
0.9566
0.9154
0.8515
0.9755
0.9631
0.9259
0.8791
0.9938
0.9790
0.9253
0.8012
0.9842
0.9688
0.9297
0.8242
0.9918
0.9778
0.9236
0.8501
0.9752
0.9286
0.8142
0.6968
0.9798
0.9556
0.8817
0.7789
0.8735
0.7847
0.7156
0.7143
0.9872
0.9587
0.9354
0.9106
0.9044
0.9513
0.9707
0.9833
0.9954
0.9842
0.9778
0.9326
0.9857
0.9747
0.9453
0.8927
0.9773
0.9574
0.9212
0.8596
0.9931
0.9877
0.9772
0.9573
0.9197
0.8554
0.7616
0.6401
0.9981
0.9973
0.9957
0.9920
0.9918
0.9778
0.9365
0.8289
0.9765
0.9533
0.9153
0.8485
0.9730
0.9427
0.8898
0.8518
0.9931
0.9762
0.9176
0.7931
0.9802
0.9562
0.8950
0.7689
0.9911
0.9724
0.9011
0.8055
0.9600
0.8841
0.7551
0.6340
0.9762
0.9419
0.8526
0.6779
0.8522
0.7687
0.5931
0.6120
0.9838
0.9565
0.9279
0.8980
0.9097
0.9513
0.9742
0.9865
0.9949
0.9823
0.9741
0.9323
0.9831
0.9732
0.9444
0.8903
0.9844
0.9708
0.9474
0.9062
0.9952
0.9915
0.9846
0.9710
0.9427
0.8987
0.8280
0.7301
0.9986
0.9980
0.9967
0.9938
0.9944
0.9848
0.9558
0.8726
0.9800
0.9594
0.9264
0.8677
0.9737
0.9579
0.9187
0.8571
0.9908
0.9659
0.8840
0.7224
0.9778
0.9470
0.8723
0.7058
0.9928
0.9729
0.9005
0.7791
0.9829
0.9625
0.8331
0.6091
0.9908
0.9354
0.8613
0.7124
0.9645
0.7845
0.7527
0.5698
0.9817
0.9460
0.9083
0.8678
0.9107
0.9532
0.9730
0.9855
0.9907
0.9534
0.9469
0.8549
0.9771
0.9625
0.9256
0.8459
0.9747
0.9516
0.9105
0.8454
0.9922
0.9861
0.9739
0.9516
0.9078
0.8392
0.7299
0.6007
0.9974
0.9962
0.9935
0.9874
0.9906
0.9747
0.9279
0.8089
0.9616
0.9253
0.8663
0.7706
0.9634
0.9210
0.9077
0.8507
0.9926
0.9760
0.9240
0.8250
0.9653
0.9302
0.8740
0.8019
0.9889
0.9603
0.8737
0.7882
0.9362
0.8249
0.7403
0.6685
0.9952
0.9045
0.7781
0.8496
0.9180
0.7547
0.6045
0.9097
0.9881
0.9663
0.9431
0.9039
0.9014
0.9455
0.9705
0.9831
0.9954
0.9884
0.9785
0.9503
0.9860
0.9765
0.9446
0.9053
0.9909
0.9825
0.9661
0.9362
0.9972
0.9950
0.9906
0.9820
0.9652
0.9337
0.8809
0.7953
0.9990
0.9985
0.9975
0.9952
0.9967
0.9910
0.9729
0.9165
0.9900
0.9798
0.9616
0.9262
0.9880
0.9722
0.9422
0.8617
0.9848
0.9414
0.8070
0.5766
0.9749
0.9204
0.7926
0.5588
0.9938
0.9712
0.8726
0.7199
0.9956
0.9862
0.9548
0.7612
0.9865
0.9253
0.9501
0.8997
0.9901
0.9144
0.8781
0.6985
0.9761
0.9290
0.8920
0.8334
0.9168
0.9553
0.9752
0.9849
0.9948
0.9774
0.9660
0.8966
0.9843
0.9649
0.9408
0.8393
0.9884
0.9775
0.9576
0.9225
0.9965
0.9938
0.9883
0.9776
0.9566
0.9182
0.8575
0.7683
0.9989
0.9984
0.9973
0.9946
0.9958
0.9886
0.9665
0.9009
0.9830
0.9687
0.9416
0.8918
0.9809
0.9534
0.9097
0.8422
0.9908
0.9650
0.8760
0.6921
0.9775
0.9433
0.8613
0.6932
0.9936
0.9735
0.8926
0.7672
0.9895
0.9680
0.8737
0.6811
0.9975
0.9978
0.9245
0.7884
0.9798
0.8668
0.8143
0.6579
0.9817
0.9375
0.9022
0.8406
0.9109
0.9500
0.9743
0.9857
0.9951
0.9774
0.9700
0.9008
0.9835
0.9657
0.9369
0.8457
0.9752
0.9540
0.9165
0.8536
0.9922
0.9860
0.9746
0.9525
0.9133
0.8430
0.7452
0.6202
0.9974
0.9961
0.9933
0.9869
0.9907
0.9748
0.9287
0.8077
0.9604
0.9243
0.8629
0.7722
0.9616
0.9509
0.9058
0.8294
0.9946
0.9831
0.9465
0.8731
0.9780
0.9559
0.9107
0.8149
0.9902
0.9695
0.8958
0.8093
0.9431
0.8705
0.7687
0.6968
0.9486
0.9091
0.8492
0.6931
0.8856
0.7941
0.6570
0.4144
0.9893
0.9679
0.9541
0.9295
0.9093
0.9453
0.9698
0.9856
0.9887
0.9472
0.9399
0.7990
0.9834
0.9699
0.9420
0.8866
0.9736
0.9499
0.9074
0.8344
0.9919
0.9856
0.9733
0.9497
0.9060
0.8293
0.7239
0.5808
0.9974
0.9962
0.9938
0.9887
0.9905
0.9741
0.9259
0.7999
0.9736
0.9515
0.9075
0.8321
0.9563
0.9139
0.8610
0.7930
0.9924
0.9749
0.9230
0.8324
0.9695
0.9386
0.8749
0.7842
0.9897
0.9635
0.8751
0.7728
0.9428
0.8211
0.6988
0.6629
0.9663
0.9115
0.7265
0.5624
0.8372
0.8624
0.5355
0.7003
0.9821
0.9611
0.9374
0.9069
0.9274
0.9496
0.9670
0.9807
0.9945
0.9836
0.9703
0.9275
0.9870
0.9796
0.9524
0.9152
0.9804
0.9633
0.9356
0.8864
0.9938
0.9891
0.9804
0.9636
0.9289
0.8735
0.7964
0.6846
0.9984
0.9977
0.9963
0.9929
0.9926
0.9805
0.9440
0.8444
0.9697
0.9432
0.9004
0.8289
0.9599
0.9101
0.8560
0.7825
0.9947
0.9819
0.9335
0.8180
0.9787
0.9546
0.8901
0.7431
0.9925
0.9746
0.9068
0.7747
0.9650
0.8787
0.7490
0.5820
0.9698
0.9505
0.7985
0.6193
0.9722
0.7661
0.6458
0.5931
0.9860
0.9620
0.9402
0.9009
0.9112
0.9509
0.9712
0.9843
0.9878
0.9453
0.9364
0.8665
0.9702
0.9592
0.9179
0.8473
0.9866
0.9739
0.9529
0.9118
0.9959
0.9927
0.9865
0.9741
0.9502
0.9077
0.8409
0.7463
0.9988
0.9982
0.9970
0.9941
0.9952
0.9868
0.9612
0.8860
0.9738
0.9536
0.9131
0.8438
0.9781
0.9447
0.9220
0.8746
0.9908
0.9646
0.8706
0.6759
0.9781
0.9387
0.8271
0.6364
0.9932
0.9737
0.8920
0.7633
0.9879
0.9636
0.8324
0.5664
0.9352
0.9357
0.8983
0.6267
0.9471
0.9491
0.7722
0.6286
0.9839
0.9381
0.9009
0.8515
0.9121
0.9535
0.9768
0.9854
0.9920
0.9591
0.9520
0.8233
0.9857
0.9680
0.9478
0.8564
0.9838
0.9690
0.9425
0.8962
0.9950
0.9911
0.9834
0.9689
0.9408
0.8929
0.8219
0.7299
0.9987
0.9981
0.9973
0.9939
0.9941
0.9839
0.9534
0.8717
0.9855
0.9703
0.9469
0.8988
0.9744
0.9570
0.9332
0.8890
0.9884
0.9546
0.8464
0.6669
0.9805
0.9575
0.9062
0.7942
0.9931
0.9756
0.9108
0.8163
0.9818
0.9621
0.8698
0.7145
0.9746
0.9686
0.9101
0.8938
0.9348
0.9067
0.7960
0.6073
0.9857
0.9627
0.9357
0.9111
0.9105
0.9523
0.9754
0.9867
0.9958
0.9844
0.9759
0.9318
0.9862
0.9696
0.9509
0.8651
0.9832
0.9698
0.9445
0.9005
0.9937
0.9893
0.9812
0.9659
0.9435
0.8980
0.8278
0.7281
0.9983
0.9973
0.9951
0.9900
0.9919
0.9788
0.9394
0.8318
0.9200
0.8496
0.7500
0.6422
0.9831
0.9651
0.9427
0.9180
0.9954
0.9845
0.9459
0.8581
0.9897
0.9794
0.9474
0.8579
0.9951
0.9863
0.9540
0.9054
0.9825
0.9362
0.8626
0.7431
0.9980
0.9582
0.8977
0.7869
0.9173
0.9809
0.7969
0.5404
0.9862
0.9573
0.9381
0.9078
0.8995
0.9454
0.9713
0.9850
0.9954
0.9796
0.9755
0.9256
0.9719
0.9640
0.9162
0.8780
0.9800
0.9623
0.9303
0.8785
0.9939
0.9890
0.9799
0.9619
0.9300
0.8774
0.7958
0.6923
0.9986
0.9981
0.9971
0.9948
0.9927
0.9800
0.9433
0.8489
0.9832
0.9677
0.9371
0.8887
0.9795
0.9655
0.9381
0.9122
0.9919
0.9705
0.8970
0.7443
0.9854
0.9662
0.9047
0.7488
0.9931
0.9792
0.9279
0.8418
0.9877
0.9693
0.8846
0.6797
0.9902
0.9669
0.9284
0.6810
0.9468
0.8383
0.7178
0.6808
0.9822
0.9431
0.9115
0.8665
0.9115
0.9531
0.9724
0.9838
0.9951
0.9825
0.9737
0.9235
0.9863
0.9728
0.9507
0.8806
0.9808
0.9635
0.9317
0.8776
0.9942
0.9895
0.9800
0.9633
0.9296
0.8741
0.7879
0.6714
0.9982
0.9973
0.9954
0.9914
0.9931
0.9809
0.9451
0.8492
0.9753
0.9526
0.9133
0.8485
0.9765
0.9542
0.9269
0.8682
0.9905
0.9659
0.8861
0.7379
0.9718
0.9316
0.8509
0.7241
0.9909
0.9670
0.8775
0.7681
0.9802
0.9249
0.7500
0.5576
0.9625
0.9436
0.8736
0.5892
0.9287
0.8488
0.6981
0.5913
0.9829
0.9492
0.9078
0.8664
0.9191
0.9524
0.9713
0.9833
0.9949
0.9805
0.9705
0.9109
0.9871
0.9728
0.9495
0.8812
0.9734
0.9506
0.9104
0.8401
0.9918
0.9855
0.9733
0.9494
0.9078
0.8369
0.7323
0.6030
0.9980
0.9973
0.9955
0.9915
0.9904
0.9741
0.9267
0.8065
0.9743
0.9512
0.9079
0.8366
0.9550
0.9252
0.8921
0.8377
0.9956
0.9862
0.9525
0.8817
0.9836
0.9688
0.9397
0.8581
0.9919
0.9765
0.9198
0.8344
0.9553
0.9038
0.8356
0.7313
0.9952
0.9179
0.8475
0.7555
0.9238
0.8128
0.5985
0.5306
0.9913
0.9769
0.9586
0.9334
0.9071
0.9494
0.9724
0.9822
0.9942
0.9824
0.9695
0.9220
0.9865
0.9777
0.9502
0.9065
0.9853
0.9715
0.9471
0.9018
0.9956
0.9918
0.9850
0.9716
0.9455
0.8986
0.8283
0.7221
0.9986
0.9980
0.9967
0.9939
0.9947
0.9856
0.9581
0.8816
0.9830
0.9673
0.9372
0.8847
0.9766
0.9494
0.9117
0.8228
0.9914
0.9678
0.8890
0.7289
0.9806
0.9512
0.8755
0.7164
0.9932
0.9736
0.8987
0.7836
0.9837
0.9472
0.7998
0.5454
0.9845
0.9614
0.8848
0.5801
0.8494
0.7845
0.6581
0.7206
0.9838
0.9516
0.9215
0.8798
0.9188
0.9537
0.9712
0.9831
0.9950
0.9792
0.9706
0.9025
0.9866
0.9707
0.9456
0.8680
0.9858
0.9724
0.9499
0.9108
0.9955
0.9918
0.9852
0.9715
0.9497
0.9094
0.8539
0.7776
0.9984
0.9971
0.9944
0.9885
0.9945
0.9847
0.9564
0.8817
0.9821
0.9654
0.9332
0.8851
0.9723
0.9625
0.9478
0.9226
0.9788
0.9227
0.7956
0.6357
0.9955
0.9881
0.9525
0.8222
0.9959
0.9862
0.9522
0.8751
0.9975
0.9950
0.9884
0.9738
0.9960
0.9708
0.9514
0.9386
0.9940
0.9583
0.9817
0.9336
0.9830
0.9748
0.9536
0.9370
0.9147
0.9549
0.9745
0.9867
0.9944
0.9795
0.9671
0.9211
0.9888
0.9642
0.9664
0.8499
