0.8994
0.8551
0.7959
0.7110
0.9517
0.9289
0.8988
0.8556
0.9006
0.8604
0.8004
0.7193
0.9603
0.9284
0.8796
0.7894
0.8979
0.8178
0.6766
0.4638
0.9135
0.8685
0.8078
0.7176
0.8955
0.8662
0.8171
0.7346
0.8875
0.7131
0.4745
0.2398
0.8619
0.7399
0.5561
0.2692
0.8870
0.7896
0.6270
0.4569
0.8651
0.7815
0.5808
0.2205
0.9147
0.7923
0.6509
0.4808
0.8809
0.7771
0.6909
0.6964
0.9601
0.9224
0.8734
0.8233
0.8990
0.9464
0.9710
0.9836
0.9925
0.9787
0.9716
0.9098
0.9786
0.9558
0.9261
0.7904
0.7390
0.6317
0.5140
0.3934
0.8913
0.8262
0.7403
0.6316
0.7479
0.6425
0.5218
0.4045
0.8896
0.8073
0.6795
0.5103
0.7380
0.5539
0.3573
0.1948
0.7997
0.6623
0.4954
0.3455
0.7714
0.7568
0.6993
0.5547
0.8696
0.6829
0.4570
0.2617
0.6550
0.5141
0.3586
0.2165
0.7842
0.6115
0.3837
0.2336
0.5116
0.2704
0.1123
0.0506
0.6557
0.6266
0.2008
0.1799
0.6889
0.5482
0.3217
0.5583
0.9656
0.9243
0.8935
0.8360
0.8990
0.9463
0.9720
0.9854
0.9879
0.9666
0.9565
0.8580
0.9787
0.9525
0.9361
0.7896
0.5478
0.4589
0.3775
0.3024
0.7209
0.6346
0.5455
0.4580
0.5545
0.4647
0.3833
0.3105
0.8548
0.7766
0.6551
0.4957
0.5449
0.4042
0.2806
0.1735
0.6399
0.5054
0.3868
0.2954
0.5915
0.5390
0.4685
0.4085
0.8685
0.7326
0.5783
0.4205
0.6531
0.5522
0.4246
0.3007
0.7201
0.5676
0.3561
0.2437
0.4681
0.3321
0.1927
0.1071
0.6686
0.6057
0.4659
0.3091
0.4811
0.4846
0.2775
0.2060
0.9712
0.9456
0.9129
0.8632
0.8870
0.9428
0.9677
0.9830
0.9689
0.9540
0.9392
0.8607
0.9563
0.9261
0.9119
0.7630
0.7146
0.5993
0.4791
0.3598
0.8798
0.8082
0.7166
0.5985
0.7233
0.6098
0.4911
0.3679
0.8854
0.8068
0.6731
0.4941
0.7129
0.5193
0.3247
0.1708
0.7924
0.6557
0.4906
0.3393
0.7675
0.6816
0.6084
0.4518
0.9098
0.7923
0.6365
0.4695
0.7073
0.6102
0.4847
0.3608
0.8140
0.6795
0.4502
0.2788
0.4945
0.3806
0.2513
0.1338
0.7204
0.5205
0.4476
0.3011
0.5562
0.4188
0.4743
0.2527
0.9717
0.9377
0.9129
0.8633
0.9001
0.9469
0.9732
0.9844
0.9881
0.9693
0.9612
0.8514
0.9760
0.9503
0.9249
0.7843
0.9500
0.9178
0.8700
0.8011
0.9834
0.9709
0.9505
0.9171
0.9517
0.9212
0.8726
0.8055
0.9826
0.9660
0.9360
0.8819
0.9496
0.8874
0.7739
0.5931
0.9451
0.9019
0.8401
0.7536
0.9530
0.9208
0.8704
0.8020
0.9465
0.8500
0.6697
0.4168
0.9552
0.8957
0.7296
0.4544
0.9556
0.9003
0.7810
0.6347
0.9503
0.9085
0.8227
0.6405
0.9698
0.9232
0.8688
0.6610
0.9831
0.8792
0.7862
0.6487
0.9714
0.9312
0.8944
0.8348
0.9018
0.9491
0.9741
0.9870
0.9927
0.9615
0.9543
0.8370
0.9801
0.9541
0.9293
0.7838
0.8270
0.7798
0.7195
0.6384
0.8905
0.8617
0.8243
0.7781
0.8299
0.7828
0.7281
0.6474
0.9530
0.9207
0.8616
0.7831
0.8264
0.7420
0.6071
0.4161
0.8643
0.7872
0.7068
0.6116
0.8270
0.8120
0.7426
0.6519
0.8697
0.6999
0.4782
0.2678
0.8214
0.7139
0.5182
0.2541
0.8437
0.7522
0.5734
0.3919
0.8138
0.7200
0.5261
0.1772
0.8588
0.8171
0.7354
0.5123
0.8295
0.7344
0.5633
0.4922
0.9656
0.9211
0.8814
0.8316
0.9053
0.9495
0.9740
0.9856
0.9762
0.9580
0.9134
0.8902
0.9149
0.9138
0.8539
0.7625
0.7999
0.7369
0.6651
0.5797
0.8945
0.8502
0.7994
0.7373
0.8042
0.7422
0.6698
0.5846
0.9364
0.8945
0.8224
0.7217
0.7980
0.6901
0.5473
0.3688
0.8424
0.7688
0.6794
0.5824
0.8281
0.7665
0.7084
0.6025
0.9435
0.8718
0.7280
0.4287
0.8686
0.8150
0.7129
0.5132
0.8932
0.8245
0.6859
0.5495
0.7981
0.6930
0.5406
0.2858
0.8507
0.7553
0.6458
0.4622
0.7512
0.6440
0.5672
0.4144
0.9771
0.9436
0.9156
0.8878
0.9043
0.9469
0.9734
0.9855
0.9876
0.9745
0.9662
0.9006
0.9764
0.9499
0.9310
0.7833
0.9216
0.8780
0.8212
0.7481
0.9707
0.9503
0.9200
0.8762
0.9253
0.8822
0.8268
0.7563
0.9821
0.9663
0.9374
0.8868
0.9208
0.8418
0.7215
0.5571
0.9246
0.8585
0.7807
0.6858
0.9247
0.9078
0.8441
0.7342
0.9045
0.7533
0.5477
0.3408
0.8809
0.8200
0.7048
0.4592
0.9108
0.8344
0.6971
0.5546
0.8828
0.8068
0.7334
0.5406
0.9824
0.9426
0.8998
0.8724
0.8867
0.9053
0.7443
0.6722
0.9705
0.9360
0.9018
0.8541
0.9056
0.9514
0.9750
0.9854
0.9925
0.9793
0.9400
0.9074
0.9719
0.9529
0.8883
0.7835
0.6635
0.5820
0.5070
0.4310
0.8217
0.7438
0.6616
0.5808
0.6697
0.5895
0.5137
0.4367
0.9301
0.8836
0.8091
0.7020
0.6618
0.5317
0.4068
0.2790
0.7417
0.6301
0.5213
0.4335
0.7105
0.5882
0.5249
0.4382
0.8577
0.7034
0.5351
0.3543
0.6642
0.6002
0.4921
0.3354
0.7056
0.6079
0.4637
0.3471
0.6054
0.4968
0.3363
0.2118
0.9294
0.7465
0.4999
0.3515
0.5983
0.5132
0.4367
0.3331
0.9746
0.9391
0.9059
0.8653
0.8946
0.9490
0.9712
0.9845
0.9841
0.9771
0.9697
0.9210
0.9712
0.9434
0.9104
0.7763
0.7345
0.6441
0.5470
0.4486
0.8759
0.8108
0.7316
0.6438
0.7429
0.6522
0.5563
0.4552
0.9319
0.8832
0.8003
0.6769
0.7327
0.5809
0.4149
0.2556
0.8283
0.7073
0.5734
0.4405
0.7826
0.6741
0.5597
0.4611
0.8934
0.7591
0.5786
0.3709
0.7448
0.6517
0.4955
0.3086
0.7979
0.6910
0.5048
0.3434
0.6473
0.4801
0.2864
0.1523
0.8736
0.8097
0.6748
0.3543
0.6274
0.5224
0.4326
0.3572
0.9697
0.9355
0.9000
0.8554
0.8954
0.9474
0.9734
0.9863
0.9883
0.9778
0.9644
0.9161
0.9684
0.9467
0.9010
0.7787
0.8343
0.7712
0.6921
0.5969
0.9175
0.8818
0.8344
0.7710
0.8384
0.7785
0.6988
0.6033
0.9529
0.9176
0.8585
0.7652
0.8330
0.7205
0.5620
0.3766
0.8517
0.7762
0.6879
0.5773
0.8611
0.8120
0.7446
0.6574
0.9042
0.7662
0.5721
0.3561
0.8225
0.7103
0.5461
0.3324
0.8685
0.7713
0.5903
0.4199
0.8146
0.7269
0.4754
0.2305
0.9689
0.7728
0.6778
0.3853
0.8092
0.7022
0.5847
0.4368
0.9657
0.9285
0.8848
0.8426
0.9060
0.9520
0.9739
0.9864
0.9869
0.9190
0.9423
0.7558
0.9623
0.9432
0.8837
0.7673
0.7336
0.6307
0.5146
0.4031
0.8762
0.8133
0.7301
0.6275
0.7406
0.6400
0.5229
0.4098
0.9015
0.8312
0.7226
0.5804
0.7318
0.5551
0.3662
0.2142
0.7881
0.6460
0.4856
0.3437
0.7684
0.6399
0.6274
0.4777
0.8826
0.7224
0.5162
0.3154
0.7017
0.5560
0.3728
0.2479
0.8102
0.6653
0.3953
0.2391
0.5470
0.2646
0.1647
0.0963
0.9254
0.5216
0.4071
0.4228
0.6546
0.4500
0.3705
0.6403
0.9752
0.9399
0.8969
0.8361
0.8886
0.9416
0.9695
0.9834
0.9848
0.9831
0.9482
0.9416
0.9643
0.9456
0.8950
0.7791
0.9570
0.9212
0.8619
0.7735
0.9873
0.9763
0.9562
0.9198
0.9593
0.9243
0.8683
0.7818
0.9830
0.9663
0.9360
0.8753
0.9563
0.8844
0.7378
0.5201
0.9543
0.9158
0.8534
0.7583
0.9531
0.9100
0.8560
0.7297
0.8828
0.7083
0.4771
0.2520
0.8905
0.7362
0.5039
0.2358
0.9068
0.8105
0.6271
0.4350
0.9342
0.8650
0.7683
0.4609
0.9614
0.9307
0.8785
0.7735
0.9459
0.8426
0.7316
0.6253
0.9614
0.9188
0.8827
0.8268
0.9134
0.9552
0.9759
0.9860
0.9937
0.9776
0.9590
0.8950
0.9765
0.9561
0.9225
0.7887
0.9130
0.8547
0.7747
0.6741
0.9720
0.9489
0.9120
0.8551
0.9158
0.8600
0.7816
0.6821
0.9703
0.9433
0.8940
0.8109
0.9112
0.8040
0.6348
0.4260
0.9109
0.8477
0.7566
0.6354
0.9204
0.8442
0.7660
0.6984
0.9325
0.8235
0.6440
0.4150
0.8852
0.7863
0.6214
0.3943
0.9192
0.8424
0.6767
0.4947
0.8934
0.8193
0.6478
0.3945
0.9803
0.9837
0.7732
0.6258
0.8856
0.7646
0.6585
0.5304
0.9667
0.9192
0.8851
0.8184
0.9035
0.9477
0.9736
0.9858
0.9945
0.9766
0.9682
0.8890
0.9799
0.9545
0.9260
0.7860
0.6468
0.5507
0.4551
0.3606
0.7999
0.7268
0.6431
0.5475
0.6573
0.5578
0.4636
0.3653
0.8936
0.8327
0.7364
0.6069
0.6450
0.4866
0.3308
0.1991
0.6827
0.5475
0.4240
0.3153
0.6909
0.6316
0.5215
0.4502
0.8881
0.7703
0.6332
0.4913
0.7062
0.6092
0.4862
0.3359
0.7625
0.6460
0.4349
0.2999
0.5785
0.4228
0.2793
0.1993
0.7396
0.4842
0.5674
0.2722
0.5486
0.4884
0.4170
0.2375
0.9723
0.9415
0.9150
0.8714
0.8933
0.9423
0.9705
0.9848
0.9510
0.9108
0.8653
0.6824
0.8952
0.9255
0.8156
0.7492
0.6833
0.5915
0.4902
0.3849
0.8335
0.7640
0.6822
0.5894
0.6911
0.5951
0.4989
0.3929
0.9053
0.8374
0.7319
0.5904
0.6819
0.5249
0.3515
0.1948
0.7971
0.6728
0.5220
0.3788
0.7239
0.5782
0.4891
0.3444
0.8920
0.7540
0.5874
0.4193
0.7499
0.6204
0.4406
0.2700
0.8236
0.6841
0.4202
0.2418
0.6262
0.3441
0.1592
0.0992
0.7654
0.5925
0.3859
0.1424
0.5618
0.4737
0.2948
0.1989
0.9667
0.9326
0.8944
0.8491
0.8987
0.9416
0.9669
0.9823
0.9817
0.9763
0.9532
0.9167
0.9665
0.9449
0.9030
0.7805
0.7467
0.6625
0.5711
0.4694
0.8754
0.8158
0.7446
0.6609
0.7543
0.6687
0.5775
0.4722
0.9428
0.9003
0.8281
0.7195
0.7447
0.6022
0.4351
0.2685
0.7737
0.6694
0.5715
0.4606
0.7955
0.6986
0.5626
0.3807
0.9301
0.8484
0.7212
0.5202
0.8010
0.7148
0.5824
0.3847
0.8561
0.7678
0.5671
0.4188
0.7485
0.5566
0.3531
0.1352
0.8706
0.8389
0.6217
0.2957
0.7584
0.5261
0.4413
0.4123
0.9732
0.9451
0.9144
0.8647
0.8990
0.9471
0.9715
0.9851
0.9803
0.8258
0.9310
0.6892
0.9425
0.9323
0.7585
0.7531
0.8750
0.8116
0.7318
0.6299
0.9516
0.9200
0.8745
0.8114
0.8794
0.8166
0.7350
0.6367
0.9661
0.9372
0.8858
0.8000
0.8734
0.7597
0.5940
0.3935
0.8676
0.7818
0.6633
0.5345
0.8713
0.8089
0.7209
0.6567
0.9258
0.8137
0.6217
0.3646
0.8513
0.7491
0.5401
0.3002
0.8901
0.8085
0.6450
0.4543
0.8586
0.7835
0.5631
0.2319
0.8943
0.8017
0.7169
0.5049
0.7997
0.8139
0.6089
0.4612
0.9706
0.9231
0.8829
0.8299
0.9047
0.9506
0.9759
0.9857
0.9904
0.9554
0.9507
0.7968
0.9802
0.9538
0.9301
0.7875
0.8253
0.7628
0.6922
0.6134
0.9196
0.8769
0.8240
0.7623
0.8287
0.7673
0.6970
0.6201
0.9711
0.9481
0.9182
0.8368
0.8239
0.7163
0.5851
0.4321
0.8683
0.7895
0.7055
0.6038
0.8449
0.7728
0.7165
0.6518
0.8991
0.7534
0.5491
0.3285
0.8224
0.7427
0.6238
0.4554
0.8676
0.7772
0.6095
0.4765
0.8003
0.7233
0.5498
0.3559
0.9068
0.8463
0.8433
0.6956
0.7906
0.7375
0.6216
0.5107
0.9767
0.9488
0.9149
0.8821
0.9084
0.9524
0.9754
0.9867
0.9916
0.9817
0.9709
0.9264
0.9782
0.9508
0.9279
0.7844
0.4968
0.4498
0.4012
0.3507
0.5764
0.5320
0.4888
0.4442
0.5030
0.4549
0.4059
0.3536
0.8388
0.7716
0.6850
0.5780
0.4969
0.4178
0.3313
0.2372
0.6446
0.4843
0.3740
0.3033
0.5731
0.5147
0.4761
0.3664
0.7315
0.5778
0.4410
0.3125
0.5169
0.4710
0.3923
0.2785
0.5295
0.4806
0.3882
0.3114
0.4760
0.3876
0.2913
0.1790
0.7722
0.5739
0.4708
0.2465
0.4354
0.5693
0.3081
0.2508
0.9720
0.9363
0.9081
0.8553
0.8901
0.9438
0.9709
0.9845
0.8543
0.8241
0.6072
0.6855
0.7180
0.7938
0.5338
0.5858
0.7165
0.6521
0.5891
0.5249
0.8439
0.7784
0.7142
0.6507
0.7223
0.6579
0.5958
0.5286
0.9570
0.9274
0.8733
0.7892
0.7136
0.6103
0.5005
0.3634
0.7923
0.6987
0.6038
0.5217
0.7551
0.6788
0.6394
0.5409
0.8602
0.7036
0.5222
0.3282
0.7092
0.6395
0.5011
0.2972
0.7360
0.6458
0.5125
0.3849
0.6926
0.6197
0.4618
0.2294
0.9414
0.8994
0.7508
0.5569
0.7441
0.6144
0.4929
0.4074
0.9671
0.9275
0.8920
0.8435
0.9041
0.9515
0.9730
0.9850
0.9838
0.9762
0.9611
0.9116
0.9695
0.9451
0.9162
0.7786
0.8010
0.7228
0.6293
0.5239
0.9099
0.8611
0.7989
0.7217
0.8057
0.7296
0.6388
0.5329
0.9427
0.8964
0.8190
0.7034
0.7997
0.6632
0.4856
0.2968
0.8489
0.7441
0.6259
0.4942
0.8095
0.7335
0.6470
0.5582
0.8870
0.7331
0.5300
0.3231
0.7602
0.6313
0.4611
0.2845
0.8262
0.7071
0.5015
0.3304
0.7481
0.5955
0.3258
0.1154
0.8569
0.8024
0.5991
0.2923
0.7333
0.6206
0.4768
0.4092
0.9673
0.9267
0.8778
0.8325
0.9015
0.9467
0.9701
0.9839
0.9903
0.9781
0.9583
0.9068
0.9750
0.9523
0.9121
0.7853
0.6244
0.5301
0.4386
0.3498
0.7970
0.7154
0.6244
0.5293
0.6348
0.5387
0.4431
0.3542
0.9248
0.8739
0.7904
0.6710
0.6227
0.4685
0.3236
0.2008
0.7077
0.5776
0.4497
0.3423
0.6752
0.5693
0.4666
0.3867
0.9051
0.8132
0.7032
0.5716
0.7464
0.6778
0.5870
0.4332
0.7859
0.6901
0.4894
0.3530
0.6401
0.5289
0.4177
0.2795
0.8725
0.6699
0.5440
0.4386
0.6348
0.4625
0.3597
0.3058
0.9828
0.9586
0.9273
0.8892
0.8954
0.9457
0.9715
0.9823
0.9774
0.9746
0.9459
0.9084
0.9616
0.9414
0.8932
0.7765
0.8521
0.7838
0.6974
0.5897
0.9350
0.8987
0.8509
0.7842
0.8568
0.7899
0.7078
0.6017
0.9563
0.9215
0.8601
0.7650
0.8503
0.7294
0.5530
0.3475
0.8880
0.8114
0.7007
0.5710
0.8820
0.8273
0.7190
0.5673
0.9308
0.8214
0.6397
0.4116
0.8702
0.7743
0.6111
0.3752
0.8995
0.8129
0.6366
0.4659
0.8469
0.7492
0.4959
0.1980
0.9498
0.8481
0.6217
0.3929
0.7843
0.7039
0.5357
0.6062
0.9660
0.9305
0.8947
0.8475
0.8996
0.9457
0.9706
0.9841
0.9915
0.9775
0.9678
0.8995
0.9797
0.9540
0.9271
0.7905
0.7782
0.7435
0.7091
0.6737
0.8406
0.8091
0.7767
0.7422
0.7806
0.7450
0.7121
0.6756
0.9340
0.9225
0.9052
0.8787
0.7771
0.7206
0.6611
0.5820
0.8115
0.7627
0.7076
0.6600
0.8396
0.8249
0.8022
0.7546
0.8606
0.7028
0.5507
0.4044
0.8990
0.8706
0.7854
0.5858
0.9537
0.9041
0.7692
0.6273
0.9065
0.8866
0.8676
0.8139
0.9686
0.9058
0.8903
0.8851
0.9014
0.8394
0.8222
0.7142
0.9795
0.9669
0.9470
0.9253
0.9170
0.9577
0.9776
0.9877
0.9850
0.9629
0.9547
0.8928
0.9651
0.9466
0.9229
0.7902
