0.7398
0.6297
0.5221
0.4151
0.8981
0.8289
0.7376
0.6299
0.5856
0.4768
0.3713
0.2851
0.9259
0.8740
0.8089
0.7137
0.8604
0.7161
0.5361
0.3549
0.7648
0.6523
0.5352
0.4126
0.6818
0.5846
0.4745
0.3804
0.6721
0.4510
0.2306
0.0716
0.5953
0.4128
0.2430
0.0891
0.7488
0.5061
0.2678
0.1468
0.6512
0.4726
0.2289
0.0426
0.8593
0.6741
0.4884
0.2290
0.7118
0.3895
0.3339
0.3764
0.8312
0.7185
0.5990
0.5140
0.8449
0.9222
0.9574
0.9788
1.0000
0.9960
1.0000
0.9469
1.0945
0.8544
1.1631
0.6717
0.6789
0.5578
0.4366
0.3259
0.8712
0.7854
0.6792
0.5517
0.5023
0.3851
0.2811
0.2001
0.9136
0.8564
0.7710
0.6510
0.8263
0.6538
0.4509
0.2666
0.6621
0.5082
0.3737
0.2626
0.6140
0.5836
0.4526
0.3492
0.7452
0.5255
0.2743
0.0998
0.4722
0.3071
0.1684
0.0764
0.7190
0.4344
0.1860
0.0894
0.3104
0.0895
0.0190
0.0077
0.6272
0.2600
0.0898
0.0622
0.5914
0.4214
0.1734
0.5530
0.8187
0.7036
0.6399
0.5427
0.7783
0.8636
0.9305
0.9619
0.9956
0.9785
0.9829
0.8446
1.0980
0.8183
1.1617
0.6010
0.6947
0.5741
0.4547
0.3530
0.8713
0.7896
0.6829
0.5647
0.5071
0.3977
0.2989
0.2281
0.8677
0.8031
0.7140
0.6003
0.8306
0.6667
0.4748
0.2971
0.6959
0.5582
0.4351
0.3276
0.6524
0.5827
0.4966
0.4274
0.7640
0.5681
0.3426
0.1659
0.5677
0.4197
0.2644
0.1388
0.7303
0.4805
0.2450
0.1396
0.2775
0.1328
0.0470
0.0173
0.5881
0.4390
0.2918
0.1659
0.4238
0.5076
0.3507
0.1726
0.7468
0.6308
0.5594
0.5034
0.7354
0.8441
0.9154
0.9578
0.9760
0.9873
0.9148
0.9244
1.0267
0.8189
1.0477
0.6071
0.6624
0.5396
0.4208
0.3112
0.8629
0.7729
0.6678
0.5322
0.4748
0.3571
0.2609
0.1819
0.9205
0.8711
0.7878
0.6644
0.8193
0.6427
0.4395
0.2591
0.6548
0.5084
0.3771
0.2687
0.6433
0.5281
0.4218
0.3769
0.7971
0.6018
0.3541
0.1596
0.4777
0.3347
0.1986
0.1098
0.7111
0.4393
0.1934
0.0968
0.1750
0.0851
0.0332
0.0132
0.5430
0.3364
0.2620
0.1132
0.3117
0.2404
0.3192
0.1313
0.8451
0.7309
0.6926
0.5748
0.7788
0.8754
0.9351
0.9663
0.9982
0.9813
0.9928
0.8593
1.1136
0.8086
1.1988
0.5835
0.7494
0.6453
0.5382
0.4293
0.9001
0.8328
0.7457
0.6373
0.5974
0.4876
0.3840
0.2938
0.9222
0.8664
0.7883
0.6845
0.8641
0.7226
0.5420
0.3571
0.7275
0.6035
0.4836
0.3753
0.7116
0.5824
0.4603
0.3749
0.6791
0.4663
0.2548
0.0962
0.6589
0.4828
0.2868
0.1305
0.7681
0.5298
0.2925
0.1689
0.7061
0.5367
0.3477
0.1637
0.9456
0.8563
0.7207
0.3746
0.9577
0.5844
0.3572
0.2287
0.8050
0.6882
0.5999
0.4946
0.7809
0.8788
0.9343
0.9689
0.9838
0.9274
0.9270
0.6911
0.9828
0.8602
0.8411
0.6823
0.7356
0.6263
0.5158
0.4082
0.8956
0.8248
0.7322
0.6246
0.5810
0.4677
0.3685
0.2783
0.9171
0.8636
0.7864
0.7027
0.8569
0.7101
0.5278
0.3455
0.7337
0.6109
0.4798
0.3644
0.7146
0.5955
0.4758
0.3628
0.6790
0.4628
0.2409
0.0790
0.5853
0.3966
0.2192
0.0807
0.7469
0.4942
0.2473
0.1238
0.6070
0.4246
0.1898
0.0291
0.8041
0.7423
0.6041
0.3195
0.7933
0.5178
0.2857
0.2452
0.8010
0.6502
0.5630
0.4878
0.7748
0.8816
0.9448
0.9680
0.9867
0.9971
0.9496
0.9576
1.0526
0.8511
1.0549
0.6650
0.7207
0.6110
0.5008
0.3979
0.8887
0.8149
0.7188
0.6093
0.5466
0.4383
0.3391
0.2568
0.9144
0.8612
0.7817
0.6835
0.8532
0.7049
0.5229
0.3438
0.7276
0.6141
0.4939
0.3872
0.6644
0.5263
0.4419
0.3378
0.7896
0.5998
0.3643
0.1305
0.6642
0.5112
0.3352
0.1727
0.7925
0.5615
0.3078
0.1832
0.4624
0.2849
0.1317
0.0467
0.7550
0.5317
0.3343
0.1930
0.5786
0.3158
0.2443
0.1679
0.8006
0.6775
0.6008
0.5402
0.7524
0.8516
0.9225
0.9566
0.9980
0.9943
0.9864
0.8816
1.0913
0.8419
1.0987
0.6492
0.7562
0.6548
0.5468
0.4442
0.9005
0.8356
0.7488
0.6468
0.6146
0.5074
0.4084
0.3160
0.9215
0.8727
0.8058
0.7204
0.8664
0.7285
0.5542
0.3767
0.7240
0.5859
0.4704
0.3583
0.7138
0.6279
0.5039
0.3725
0.6501
0.4403
0.2305
0.0854
0.6475
0.4864
0.3102
0.1516
0.7662
0.5295
0.2953
0.1769
0.6647
0.4920
0.3539
0.1525
0.9519
0.8754
0.8198
0.7569
0.6050
0.8310
0.4720
0.3440
0.8115
0.6789
0.5902
0.5164
0.7834
0.8843
0.9407
0.9737
0.9599
0.9943
0.8395
0.9164
0.9484
0.8634
0.8184
0.6914
0.7164
0.6075
0.4981
0.3934
0.8860
0.8109
0.7151
0.6046
0.5493
0.4428
0.3460
0.2618
0.9100
0.8560
0.7818
0.6911
0.8462
0.6930
0.5109
0.3375
0.7186
0.6043
0.4855
0.3691
0.6807
0.5232
0.4356
0.3555
0.7205
0.5130
0.2897
0.1182
0.5797
0.4343
0.2835
0.1438
0.7272
0.5010
0.2749
0.1643
0.4443
0.2486
0.1076
0.0430
0.8716
0.6309
0.3179
0.1936
0.5358
0.4016
0.2852
0.3775
0.7874
0.6490
0.5673
0.5093
0.7220
0.8421
0.9027
0.9551
0.9935
0.9978
0.9546
0.9470
1.0787
0.8387
1.0611
0.6429
0.7010
0.5870
0.4721
0.3683
0.8789
0.7983
0.6963
0.5814
0.5291
0.4188
0.3192
0.2419
0.9165
0.8673
0.7956
0.6999
0.8386
0.6788
0.4896
0.3124
0.7049
0.5698
0.4331
0.3242
0.6851
0.5533
0.4171
0.3062
0.7364
0.5270
0.2958
0.1168
0.5586
0.3902
0.2202
0.0982
0.7292
0.4807
0.2406
0.1312
0.3795
0.1845
0.0651
0.0191
0.7857
0.5916
0.4440
0.1423
0.4486
0.3575
0.3697
0.2260
0.7640
0.6507
0.5674
0.4975
0.7261
0.8448
0.9041
0.9535
0.9848
0.9979
0.9406
0.9293
1.0649
0.8306
1.0472
0.6268
0.7253
0.6138
0.5041
0.4005
0.8922
0.8184
0.7250
0.6103
0.5595
0.4532
0.3516
0.2626
0.9180
0.8643
0.7891
0.6898
0.8520
0.7009
0.5146
0.3313
0.7203
0.6078
0.4824
0.3626
0.6950
0.5929
0.5119
0.3990
0.6930
0.4768
0.2535
0.0913
0.5804
0.4015
0.2299
0.0987
0.7488
0.4993
0.2537
0.1360
0.5769
0.3963
0.1514
0.0331
0.9440
0.6995
0.3925
0.1873
0.6342
0.4837
0.2977
0.1680
0.7706
0.6505
0.5465
0.4861
0.7455
0.8627
0.9262
0.9607
0.9954
0.9643
0.9688
0.8278
1.0568
0.8453
1.0152
0.6545
0.6969
0.5753
0.4595
0.3564
0.8772
0.7957
0.6927
0.5716
0.5212
0.4094
0.3013
0.2223
0.9026
0.8450
0.7650
0.6641
0.8345
0.6698
0.4731
0.2893
0.6548
0.5163
0.3842
0.2796
0.6642
0.5264
0.4772
0.3966
0.7458
0.5368
0.2936
0.1160
0.4962
0.3335
0.1903
0.0999
0.7347
0.4617
0.2019
0.1081
0.3025
0.1049
0.0411
0.0164
0.9406
0.3982
0.3394
0.2725
0.4445
0.2725
0.2496
0.5517
0.8179
0.6913
0.6369
0.5320
0.7551
0.8569
0.9299
0.9585
0.9839
0.9997
0.9163
0.9899
1.0771
0.8270
1.0930
0.6187
0.7385
0.6302
0.5158
0.4075
0.8966
0.8269
0.7337
0.6233
0.5861
0.4726
0.3698
0.2762
0.9267
0.8776
0.8112
0.7173
0.8575
0.7098
0.5235
0.3356
0.7500
0.6238
0.5010
0.3827
0.7092
0.5884
0.4745
0.3266
0.6548
0.4336
0.2168
0.0673
0.5806
0.3743
0.1917
0.0641
0.7294
0.4732
0.2287
0.1139
0.7737
0.5775
0.3793
0.1288
0.9022
0.7626
0.7828
0.5926
0.8336
0.4556
0.3869
0.2361
0.7846
0.6762
0.6022
0.5158
0.7723
0.8764
0.9348
0.9691
0.9745
0.9960
0.8779
0.9420
0.9690
0.8552
0.8896
0.6710
0.7269
0.6160
0.5024
0.3955
0.8931
0.8199
0.7235
0.6129
0.5657
0.4514
0.3483
0.2592
0.9226
0.8713
0.7979
0.7011
0.8540
0.7038
0.5172
0.3324
0.7117
0.5888
0.4572
0.3397
0.6886
0.5489
0.4330
0.3550
0.7084
0.4931
0.2670
0.0975
0.5854
0.4077
0.2313
0.1072
0.7505
0.5013
0.2542
0.1365
0.6360
0.4365
0.2121
0.0730
0.9272
0.9270
0.5970
0.4463
0.6988
0.4109
0.3359
0.2060
0.7905
0.6629
0.5794
0.4789
0.7859
0.8853
0.9352
0.9628
0.9931
0.9842
0.9611
0.8703
1.0560
0.8478
1.0200
0.6576
0.6932
0.5724
0.4564
0.3568
0.8731
0.7917
0.6844
0.5628
0.5171
0.3982
0.3067
0.2210
0.8951
0.8355
0.7549
0.6534
0.8297
0.6614
0.4649
0.2868
0.6506
0.5248
0.3990
0.2927
0.6526
0.5527
0.4712
0.3877
0.7630
0.5639
0.3345
0.1594
0.5241
0.3750
0.2344
0.1339
0.7117
0.4580
0.2234
0.1365
0.2919
0.1370
0.0589
0.0312
0.7157
0.3186
0.3081
0.1050
0.4679
0.4151
0.3303
0.1396
0.7943
0.6735
0.6070
0.5393
0.7416
0.8399
0.9124
0.9613
0.9855
0.9320
0.9475
0.7326
1.0237
0.8203
0.9936
0.6077
0.6848
0.5669
0.4486
0.3414
0.8742
0.7902
0.6817
0.5633
0.5120
0.3918
0.2994
0.2131
0.9058
0.8465
0.7657
0.6645
0.8301
0.6631
0.4669
0.2860
0.6868
0.5623
0.4249
0.3101
0.6063
0.4613
0.4044
0.2671
0.7457
0.5361
0.2958
0.1196
0.4925
0.3251
0.1687
0.0769
0.7236
0.4544
0.1946
0.0918
0.3213
0.0769
0.0156
0.0077
0.6771
0.3812
0.1439
0.0708
0.3805
0.4004
0.1809
0.2457
0.7891
0.6963
0.6041
0.5258
0.7387
0.8384
0.9002
0.9475
0.9889
0.9991
0.9495
0.9870
1.0791
0.8206
1.1470
0.6071
0.7015
0.5803
0.4658
0.3610
0.8772
0.7975
0.6952
0.5755
0.5200
0.4037
0.3069
0.2221
0.9110
0.8575
0.7832
0.6904
0.8372
0.6750
0.4826
0.3025
0.7066
0.5691
0.4532
0.3382
0.6699
0.5172
0.3737
0.2512
0.7739
0.5814
0.3482
0.1501
0.5670
0.4058
0.2433
0.1180
0.7510
0.5060
0.2511
0.1409
0.4147
0.1876
0.0762
0.0166
0.7355
0.6484
0.4289
0.0886
0.6520
0.3443
0.2606
0.2372
0.7488
0.6614
0.6063
0.5082
0.7202
0.8313
0.9013
0.9404
0.9956
0.9241
0.9779
0.8050
1.0590
0.8280
1.0496
0.6216
0.7269
0.6144
0.5063
0.3923
0.8909
0.8174
0.7226
0.6116
0.5632
0.4488
0.3451
0.2555
0.9196
0.8690
0.7976
0.7031
0.8524
0.7006
0.5108
0.3240
0.6747
0.5431
0.4142
0.3064
0.6930
0.5613
0.4605
0.3804
0.7200
0.5044
0.2723
0.0943
0.5847
0.3995
0.2150
0.0902
0.7476
0.4985
0.2529
0.1338
0.6122
0.4228
0.1799
0.0408
0.8243
0.7056
0.5412
0.2271
0.6603
0.6132
0.3179
0.1600
0.7942
0.6692
0.5933
0.4946
0.7725
0.8737
0.9279
0.9615
0.9902
0.9662
0.9566
0.7828
1.0432
0.8467
1.0179
0.6558
0.7444
0.6421
0.5349
0.4318
0.8981
0.8306
0.7434
0.6380
0.5948
0.4872
0.3906
0.3035
0.9177
0.8681
0.8164
0.7121
0.8603
0.7180
0.5408
0.3627
0.7458
0.6221
0.5135
0.3982
0.7212
0.6007
0.5209
0.4221
0.7149
0.5175
0.2939
0.1080
0.6135
0.4666
0.3072
0.1679
0.7633
0.5263
0.2904
0.1746
0.5497
0.4021
0.2076
0.0806
0.8421
0.7563
0.7112
0.4880
0.6871
0.5576
0.3940
0.2388
0.8165
0.7116
0.6268
0.5608
0.7550
0.8714
0.9327
0.9654
0.9894
0.9919
0.9223
0.9368
1.0336
0.8573
0.9453
0.6791
0.7364
0.6355
0.5303
0.4312
0.8901
0.8216
0.7288
0.6283
0.5834
0.4764
0.3763
0.2937
0.8647
0.7908
0.6956
0.5825
0.8556
0.7123
0.5343
0.3583
0.6640
0.5488
0.4290
0.3267
0.6802
0.5964
0.5006
0.3954
0.7096
0.5098
0.3017
0.1404
0.6533
0.5111
0.3315
0.1849
0.7548
0.5348
0.3074
0.1984
0.4604
0.2554
0.1272
0.0507
0.9778
0.5408
0.4251
0.1428
0.5280
0.7159
0.3112
0.2414
0.7096
0.5478
0.4755
0.3711
0.6667
0.8058
0.9054
0.9452
0.9611
0.9705
0.8771
0.8344
0.9385
0.8456
0.7521
0.6580
0.7316
0.6225
0.5160
0.4175
0.8935
0.8211
0.7279
0.6224
0.5749
0.4696
0.3687
0.2792
0.9082
0.8520
0.7731
0.6785
0.8537
0.7066
0.5272
0.3488
0.7442
0.6235
0.5011
0.3900
0.7339
0.6163
0.5062
0.3648
0.6798
0.4654
0.2514
0.0914
0.5936
0.4236
0.2471
0.1065
0.7333
0.4979
0.2703
0.1504
0.5635
0.3958
0.1748
0.0434
0.9147
0.7742
0.5544
0.1497
0.5600
0.4779
0.3040
0.2711
0.7509
0.6241
0.5313
0.4481
0.7405
0.8553
0.9195
0.9556
0.9839
0.9958
0.9390
0.8980
1.0435
0.8483
0.9945
0.6615
0.7142
0.5993
0.4813
0.3771
0.8848
0.8103
0.7082
0.5952
0.5453
0.4299
0.3308
0.2450
0.9123
0.8567
0.7806
0.6845
0.8450
0.6882
0.4974
0.3136
0.7084
0.5651
0.4431
0.3288
0.6888
0.5584
0.4594
0.3454
0.7257
0.5112
0.2749
0.1017
0.5485
0.3723
0.2125
0.0963
0.7316
0.4805
0.2310
0.1196
0.5368
0.3032
0.0898
0.0165
0.7871
0.6885
0.3753
0.1081
0.5641
0.4160
0.2459
0.2509
0.8211
0.6975
0.5782
0.5126
0.7845
0.8848
0.9407
0.9686
0.9865
0.9964
0.9304
0.9700
1.0446
0.8386
1.0561
0.6403
0.6870
0.5681
0.4649
0.3581
0.8705
0.7875
0.6839
0.5681
0.5118
0.4001
0.3001
0.2271
0.8894
0.8343
0.7614
0.6719
0.8312
0.6681
0.4802
0.3087
0.6897
0.5572
0.4343
0.3279
0.6315
0.5181
0.3955
0.3026
0.7700
0.5883
0.3791
0.2016
0.5609
0.4241
0.2873
0.1599
0.7200
0.4898
0.2583
0.1571
0.3174
0.1817
0.1039
0.0426
0.9042
0.5326
0.3700
0.1983
0.5487
0.3046
0.2602
0.2469
0.7727
0.6930
0.5792
0.4954
0.6719
0.8011
0.8799
0.9578
0.9769
0.9964
0.8903
0.9656
1.0297
0.8199
0.9934
0.6088
0.7215
0.6050
0.4921
0.3851
0.8886
0.8120
0.7158
0.6054
0.5524
0.4360
0.3376
0.2476
0.9264
0.8818
0.8173
0.7333
0.8495
0.6965
0.5096
0.3277
0.7151
0.5913
0.4605
0.3397
0.6769
0.5589
0.4404
0.3439
0.7327
0.5203
0.2868
0.1077
0.6115
0.4303
0.2459
0.1035
0.7590
0.5124
0.2601
0.1369
0.5636
0.3629
0.1306
0.0240
0.8937
0.7212
0.3801
0.1150
0.6366
0.5001
0.2296
0.4022
0.8099
0.7079
0.6231
0.5418
0.8285
0.9021
0.9386
0.9658
0.9923
0.9999
0.9657
0.9925
1.0720
0.8410
1.1426
0.6456
0.8113
0.7210
0.6250
0.5231
0.9226
0.8690
0.7967
0.7022
0.6891
0.5952
0.4998
0.4087
0.8906
0.8314
0.7527
0.6574
0.8892
0.7680
0.6047
0.4285
0.7269
0.6241
0.5138
0.4134
0.8637
0.8395
0.7921
0.7373
0.6499
0.4696
0.2731
0.1431
0.8611
0.7513
0.5590
0.3341
0.7942
0.6160
0.4148
0.2920
0.8637
0.7543
0.6834
0.5235
0.9127
0.8574
0.7744
0.7164
0.8706
0.6552
0.7595
0.6508
0.8361
0.7997
0.7470
0.7131
0.7214
0.8567
0.9211
0.9554
0.9901
0.9027
0.9526
0.7854
0.9718
0.8820
0.9106
0.7179
