31.0664
26.7668
22.9527
19.1924
41.0436
35.7601
31.0604
26.8189
21.7680
18.3368
14.9727
11.6634
35.8916
35.0044
33.6448
29.6056
38.0584
30.6830
23.4577
16.6017
27.0556
23.8244
20.4375
16.6456
27.7444
24.1922
19.5871
15.1606
23.6871
16.9611
11.8962
8.5956
25.4548
19.2752
14.2824
9.4803
31.2856
22.7326
15.7046
11.8020
34.8654
31.5262
16.4209
8.8063
22.3928
17.5575
14.1718
11.4972
17.0831
15.4681
13.2679
15.0941
19.7450
15.1092
12.7933
10.6621
9.2446
8.8788
7.7535
8.1733
617.6606
40.4670
40.6526
34.9475
18.5010
16.4354
11.1789
9.9521
30.1958
26.4720
22.8702
19.4291
38.3504
34.1869
30.2365
26.4387
22.2869
18.9748
15.5498
12.5614
40.6554
37.1722
31.6295
25.5092
36.2331
29.4469
23.0604
16.0121
18.9420
15.3290
12.3472
9.5703
28.0048
25.1340
23.4908
17.7209
31.1185
24.5336
19.3311
15.6282
27.3397
23.5768
19.7785
15.0496
32.6908
25.8246
20.1081
16.7120
25.8229
18.1451
13.5145
10.0075
22.2006
13.4596
12.5226
6.3707
20.7106
15.8301
11.6139
6.5498
24.0868
20.3073
19.8942
17.2515
12.3351
12.0179
10.0048
8.7984
152.4393
51.4743
32.8837
31.7766
23.2659
21.8169
16.4384
16.1809
32.0885
28.2610
24.6844
21.2785
40.0764
35.9293
31.8741
28.1539
24.1461
20.7155
17.4406
14.2978
41.5815
37.2670
32.0349
26.8965
37.9269
31.2596
24.9287
18.6471
27.7690
24.3336
21.0346
17.7386
28.0506
24.7613
21.2762
15.4646
32.8191
26.0287
20.5297
16.4980
32.4122
27.5147
22.5360
16.3433
36.9207
29.3435
22.4912
17.7436
25.0170
19.0073
14.1510
10.7733
23.3510
16.4330
14.2173
8.2661
21.0752
19.2988
11.8933
8.2496
25.8796
21.1528
19.4610
17.4450
14.7829
17.0728
15.7701
12.7469
41.1317
36.9277
26.6776
39.8691
21.2516
18.6158
14.0311
13.1433
28.9015
25.2909
21.8865
18.5454
36.4161
32.5399
28.9224
25.2001
21.5408
18.1730
15.0340
11.8237
37.5914
33.1534
28.1568
23.3758
33.9953
27.8116
21.8437
15.4601
19.7098
17.0082
13.8386
10.7199
25.6211
23.0910
17.9672
13.9998
32.7778
26.0348
20.3550
16.0966
27.4107
24.0444
20.0292
14.3640
31.8992
25.6543
19.7888
15.6579
20.2310
16.2435
11.4830
8.6483
19.6512
18.7186
11.5489
7.5654
17.7083
15.0610
9.7930
6.1357
25.9605
20.9583
19.4502
17.3628
12.3603
12.1315
12.8957
10.2259
343.1213
45.8208
36.8153
30.4853
19.1132
17.4488
11.8681
11.3197
40.7058
35.9110
31.5065
27.4574
47.7015
45.5399
40.6811
35.6548
29.7539
26.1132
22.6546
19.1764
40.0935
40.3897
41.4252
36.9258
42.9869
40.4433
32.4172
23.5760
28.9330
25.7861
22.6635
19.1160
36.6088
30.8525
25.0713
20.8743
28.8816
22.2001
16.8519
13.0752
34.8286
27.7837
20.4625
13.8826
40.0011
30.0772
21.9215
17.2905
38.6790
38.4567
27.1271
17.5986
27.9154
23.9582
17.7439
15.5188
38.8308
28.0666
19.7785
15.9990
22.4556
17.3679
15.9127
13.0536
13.2528
14.6152
15.6648
17.4727
100.4247
47.0301
32.0321
28.8012
22.8993
20.3337
16.1353
14.3688
36.2892
31.9351
28.1966
24.5709
45.7483
40.5090
35.9623
31.8235
27.1478
23.6969
20.5672
17.3715
43.9231
42.6244
37.7814
33.3963
44.0749
35.6943
28.6225
22.1324
33.1260
29.1996
25.5119
22.0752
32.1128
29.6950
25.2134
21.2594
28.7196
22.2631
17.4056
14.2276
31.4753
25.5210
19.9808
14.7338
37.4038
28.5478
21.3891
17.2497
41.3910
34.3154
21.3721
14.3283
25.0441
22.2386
19.8168
15.1533
35.3231
20.9588
18.1644
14.3803
24.9659
19.9933
17.9993
15.9424
15.7617
17.5965
21.2957
23.9244
33.4502
42.7914
21.5983
43.4136
22.2463
17.9702
16.4199
12.1022
33.5102
28.9838
24.9654
21.1341
42.5685
38.2659
33.4118
28.9569
23.4602
19.8966
16.5260
13.1763
34.9174
34.3522
33.9756
31.2656
37.9897
32.9254
25.9352
18.8325
28.6350
25.5410
21.5900
18.1680
28.4666
22.8486
18.5279
14.9401
30.0349
22.3472
15.5408
10.3045
31.8444
25.5608
19.1582
12.1235
37.4507
27.9268
19.4788
14.6949
27.0767
18.8336
13.4113
8.8411
21.6529
17.6496
15.1159
8.8378
23.2860
15.4247
11.0646
8.3102
22.5142
17.2508
14.7419
12.4214
10.8701
10.8150
10.6417
11.4405
617.9932
39.1824
40.7609
34.3617
18.5245
16.4187
11.4884
10.2483
39.8243
35.1987
30.8292
27.0317
47.6576
44.5759
39.6813
34.8293
29.5195
25.8390
22.3870
19.1450
41.5382
41.4317
40.8859
36.0034
43.3077
39.1724
31.5896
24.1184
33.2820
29.0808
25.3559
21.8035
36.2992
31.9119
26.4379
21.7786
28.1202
21.3178
16.1079
12.4448
35.1074
28.9371
22.3282
15.4440
40.1143
31.0335
23.1060
18.3947
40.5528
37.8593
30.6609
19.3679
29.2979
23.6486
21.7256
14.1514
24.0776
30.9810
21.9981
14.0060
23.6491
18.7543
17.2971
14.2052
15.0610
18.6933
23.8627
27.0030
45.1156
35.7531
27.0764
39.8107
22.6113
18.5451
17.2472
12.5275
33.1780
29.0328
24.9540
21.2655
42.8153
37.9216
33.2339
28.8750
23.7027
20.1879
16.8778
13.6036
37.6702
38.0708
35.0713
29.1890
39.0735
32.7133
25.6895
19.1804
31.9294
28.2523
24.4283
20.5750
29.9674
24.8229
19.4832
15.8158
29.2712
21.9379
15.7688
11.0943
31.6177
26.0562
20.3356
13.2559
37.5797
28.7680
20.7006
16.0122
33.1022
21.4204
14.4901
9.6932
25.1378
19.0696
15.6777
10.9517
19.3517
15.1181
14.1704
16.3245
22.6487
17.2788
15.4865
13.3542
10.9543
11.8852
12.3782
15.5060
150.0000
43.4264
37.3086
43.4200
17.7986
15.4243
11.0895
8.8670
32.6781
28.4940
24.7389
21.0403
41.6678
36.8337
32.5883
28.3499
23.5866
20.2394
16.8193
13.7105
40.9347
40.4320
35.1231
29.4503
39.4352
32.2503
25.3134
18.9032
30.6949
27.1787
23.0391
19.4556
28.9834
24.0084
18.6945
15.0758
30.3094
23.2152
17.5115
13.3701
30.3850
24.8557
19.2099
13.3563
36.3177
27.8338
20.2646
15.7405
28.5609
19.7483
13.9273
9.7800
25.1403
18.9103
13.5917
10.0217
20.5923
17.3068
11.3933
13.4437
21.4631
17.4406
15.2676
13.3103
11.4879
12.1015
13.3383
13.7257
38.2598
44.9188
25.2285
34.9252
19.3099
16.0628
13.0418
9.7470
34.3540
30.1990
26.5133
22.8937
43.6145
38.8872
34.4818
30.1799
25.3480
22.0529
18.7906
15.5728
40.0220
39.4560
37.1861
31.8351
40.9001
33.8156
26.7998
19.1797
25.9796
22.3548
19.1135
15.6415
31.1020
27.4514
22.1372
17.1093
28.9975
22.3376
17.2776
13.7852
30.5062
25.0043
19.5378
13.5925
36.1796
27.5995
20.4575
16.1515
38.3420
30.2618
18.3708
12.7046
22.8566
20.3463
16.3934
13.0757
22.8584
16.1435
14.2311
12.1094
20.8166
17.4619
14.8078
13.4413
12.4803
12.7392
11.2957
12.0984
217.5148
41.8098
40.5508
26.2915
20.4383
18.5012
13.7562
12.3090
31.5422
27.5886
23.9089
20.5463
39.8605
35.4179
31.3589
27.4576
23.2414
19.9099
16.5606
13.4580
39.7768
36.7563
32.1467
27.3666
37.3681
30.7117
24.3466
18.5030
27.8799
24.0624
21.1195
17.7253
27.5525
22.2801
20.5388
16.0918
28.8220
22.1939
16.8617
13.0102
28.6952
24.5456
20.1830
14.5358
34.5159
27.1952
20.6283
16.6764
26.3932
18.4413
13.6649
10.2469
44.7451
18.9813
14.1508
13.6915
24.3145
17.9781
12.8924
25.5833
24.1726
19.3973
18.0747
15.4815
11.6941
14.0503
16.7112
18.7799
34.8220
56.2871
22.4490
34.8152
17.8034
14.5346
11.4074
8.1433
37.2163
32.6806
28.7634
25.0123
47.8750
41.7461
36.8176
32.4422
27.7023
24.1483
20.8994
17.5915
43.5378
43.5000
39.4282
33.9520
44.9681
36.6797
29.1775
22.2212
33.4817
29.0505
25.6115
21.9887
34.7142
30.4450
26.0866
20.5476
26.7894
20.6235
16.2049
13.5118
30.5736
24.2097
18.6561
13.9618
36.3178
26.8599
19.7282
16.0348
37.1365
36.9246
31.0848
18.0261
26.6274
18.9492
20.4659
16.1427
40.3682
22.4847
22.4309
15.1987
20.7451
16.7145
15.4550
13.4828
17.7702
19.2450
19.3946
16.0828
42.3255
34.6662
27.9767
44.5896
24.2231
20.8971
17.2575
15.2839
34.3582
30.1718
26.1410
22.4409
44.4347
39.2783
34.3702
30.1647
24.9524
21.4499
18.0879
14.9020
38.7176
38.9375
37.1464
32.1902
40.9744
34.2037
26.9236
20.0515
25.8784
22.7683
19.2910
16.0377
31.4923
25.5402
21.4679
16.1370
28.0466
21.1549
15.6203
11.8488
29.1018
23.5506
17.9463
12.2861
35.0967
26.2591
19.0012
14.8480
38.4248
30.6316
18.7487
12.8214
37.8739
47.5813
16.2848
11.5327
29.7159
19.0140
17.9107
11.7871
20.2659
16.2955
13.6628
11.4579
12.4970
13.8175
14.7980
13.2194
537.5304
37.0133
36.3864
33.4639
19.2625
17.1922
12.4698
11.1268
40.7167
36.9642
33.3302
29.8701
48.3104
44.3822
40.4930
36.5931
32.6925
29.1553
26.0099
22.7688
48.9019
44.8023
39.1876
33.5603
45.6381
39.8172
33.3468
25.6611
31.0548
27.8689
24.5549
21.4319
36.2974
34.5777
28.9841
23.1730
40.4757
33.7446
27.9072
23.5630
39.1630
34.3375
28.4676
21.0895
43.3141
36.6204
29.9624
25.8627
34.0704
27.5224
22.4753
18.6383
30.1290
26.7544
22.8476
18.5480
31.3706
25.3125
21.4097
17.7738
33.6734
27.9429
27.0136
25.3452
18.4047
17.3577
15.5740
17.4637
38.9148
41.8287
26.3230
32.2203
29.9696
23.0673
23.5680
18.4147
31.1430
27.2951
23.8219
20.3845
39.0787
34.8799
31.0258
27.3082
23.4399
19.9834
16.8861
13.5372
40.4814
37.3423
33.1261
28.6690
36.9298
30.2102
24.0090
17.9822
27.0533
24.8594
21.3624
17.9497
27.2410
22.5698
18.2317
15.3411
31.0807
24.7341
19.9064
16.6912
28.8935
24.7279
20.3784
15.7432
34.5374
27.2178
20.8338
16.9292
27.7458
18.4977
13.6190
11.2559
24.8619
19.5922
14.3617
12.5096
21.0874
20.7331
13.4484
19.4070
25.7635
21.8573
19.0864
17.7764
14.7505
13.2622
11.4894
11.7522
42.3851
43.9139
27.3857
27.3798
20.5480
18.4367
13.9367
12.6094
34.9120
30.7669
27.1826
23.4871
43.3809
39.0745
34.8002
30.7690
26.1359
22.6702
19.5348
16.2813
42.1065
41.0277
35.7052
29.4519
40.9411
34.3215
27.4279
19.8686
25.7178
22.0790
18.8374
15.7533
29.8965
23.8171
19.8009
16.7692
32.8374
25.9190
20.3164
16.4487
32.2891
27.0825
21.2707
14.1199
38.1803
29.7580
22.4547
17.5022
30.5561
21.1772
15.8149
11.7692
24.7703
18.6739
14.9524
11.8411
34.1421
19.1478
13.9660
11.2454
21.9142
19.1822
19.2189
16.2982
12.4887
12.6077
11.2006
10.0048
117.4976
35.0715
44.2613
23.5946
19.6832
17.7410
12.6448
11.6553
37.1160
32.7339
28.8972
25.0285
47.3091
41.8488
37.0761
32.5933
27.6111
24.0440
20.7972
17.5092
44.0620
44.8070
37.2130
30.8317
44.1453
36.8729
29.3364
21.0943
21.0136
18.3111
15.2535
12.1580
33.6595
27.5166
24.7255
19.7075
30.2391
23.3111
18.1778
14.8055
31.6393
25.5873
19.9131
14.8202
37.7531
28.8617
21.1760
17.1171
40.6418
29.9689
19.9010
14.2565
24.3378
22.3605
18.3023
12.1587
25.4131
22.5911
18.3326
15.2742
21.5587
17.7791
16.3436
14.5439
14.8955
16.9612
22.1936
30.1549
47.3782
27.7494
31.8602
30.9488
24.7655
22.2160
17.2507
16.6755
37.1748
32.3034
28.0562
24.1008
47.9917
42.6891
37.1071
32.3142
26.2910
22.7364
19.3566
16.1029
37.7575
37.6611
37.7330
32.7605
41.9671
37.4008
29.1998
21.9603
36.2053
31.1879
26.9404
22.6758
32.2213
27.5407
22.7292
18.4633
27.5101
20.1497
14.4283
10.6609
33.0623
27.3492
21.7049
15.2128
40.3102
30.4314
22.1909
17.4408
39.3715
31.8222
21.6914
13.9507
24.5179
23.5780
14.4386
15.5559
24.0038
24.8980
18.6272
12.1711
24.0582
19.9429
17.1632
15.1126
13.2995
14.1719
17.0978
23.4568
453.1540
42.3549
33.5119
37.9153
20.0163
17.4779
13.7210
11.2088
38.6889
34.5623
30.6438
26.9738
45.4949
41.2995
36.9086
33.0675
29.5879
26.1098
22.8358
19.6392
43.4554
42.5188
36.8601
31.4489
43.8465
37.8152
30.7993
24.0437
29.2828
25.6142
22.1588
19.1345
28.9229
29.1725
25.0389
18.8406
31.7183
24.8788
19.4298
15.4918
35.9890
29.9258
22.4153
14.3570
42.0421
33.6069
25.9196
21.5948
36.4955
25.2265
18.6566
14.3123
55.0528
23.3518
19.3384
15.3718
25.2948
39.4401
16.4180
13.6875
26.4631
22.4629
20.7872
18.3501
14.5573
16.5690
18.9912
21.7136
28.3780
53.2321
17.6182
29.7871
21.4314
14.0834
16.6565
7.6152
34.0606
29.7301
25.6653
21.9634
43.9851
38.6717
33.8507
29.6730
24.6171
21.1480
17.7577
14.3804
38.5427
38.3794
36.3453
31.7246
41.2631
33.6267
26.2819
19.5287
32.3734
28.4173
24.2188
20.7074
30.1732
27.4672
22.1233
18.8871
27.2513
20.5342
15.3554
11.7662
31.0887
24.4909
18.1260
12.5047
36.2547
27.0531
19.5958
15.1366
38.1245
30.7072
17.9475
11.4853
25.8591
20.2681
16.5093
9.2726
23.0366
19.5809
13.9848
12.6074
21.0752
16.5725
14.1614
11.5333
12.4589
13.3530
12.3864
14.9984
37.3111
42.8886
24.7279
37.0553
20.9767
17.2995
14.3179
11.0177
34.0448
29.9926
26.2806
22.7245
43.2051
38.2353
33.9988
30.0058
25.3867
22.0299
18.7438
15.5833
43.0142
41.0719
35.6462
30.6372
41.1757
33.5522
26.7476
20.2150
28.8295
24.7571
21.7328
18.4494
30.8571
26.8767
23.1005
19.1729
29.9551
23.3219
18.2948
15.0298
29.9151
24.7781
20.4418
15.6296
35.7654
27.6355
20.9753
17.3518
37.2005
25.3377
17.5388
12.7291
24.8262
21.4008
17.2525
12.1264
26.0318
19.5876
16.1396
14.4494
24.0347
20.6869
17.6794
15.9347
15.9164
16.1906
18.7816
20.1945
43.2872
39.0189
28.4338
46.4348
21.8595
18.7177
14.8508
13.0048
35.0848
30.9592
27.2594
23.5297
44.1342
39.4544
35.0710
30.8711
25.8890
22.5129
19.1546
15.9120
40.9065
39.4666
34.6199
30.0999
41.4608
34.9821
28.1014
21.6660
33.5501
29.4603
25.7989
22.0581
29.0083
24.5346
20.7422
16.8739
32.6056
25.2419
19.2195
15.2090
34.6956
29.5415
23.9277
16.4061
40.5327
31.9811
24.1284
19.0835
27.9122
21.5365
16.4608
12.3072
49.4438
19.6479
15.9724
12.9534
23.1213
22.2754
14.5989
12.8237
25.8427
22.8469
19.5068
17.4584
14.0297
16.5923
20.4255
22.5147
41.8680
41.2937
27.0980
45.4242
20.1349
17.8928
13.6616
12.0880
33.5437
29.4452
25.4991
21.8430
42.8450
37.8655
33.4233
29.2799
24.5227
21.1078
17.8949
14.5646
41.8319
39.1109
34.7208
29.8908
40.3799
33.0189
26.0134
19.2581
25.6600
22.1913
18.8965
15.3576
29.2602
24.3047
20.0301
15.2646
27.7780
21.1645
16.1258
13.0354
29.6815
24.0382
18.7794
13.7004
35.3557
26.7647
19.5698
15.2895
36.5543
25.2543
16.6875
10.9440
22.6325
20.5581
16.6222
10.4724
17.2834
15.7489
13.4420
9.6754
21.7819
17.3313
15.2323
13.4301
14.1313
13.1325
11.6945
10.4817
42.3348
38.3919
28.0242
24.3734
22.3999
19.5439
14.9551
13.5199
37.9892
33.5910
29.5227
25.8065
46.7835
41.0475
36.2904
31.9180
29.3241
25.8067
22.5499
19.1970
42.8895
37.1355
32.0723
27.2867
45.2097
36.1600
28.8021
21.9838
30.4156
27.3658
23.4998
20.0812
29.2574
26.5497
22.9503
19.8655
22.4387
16.1653
11.9619
10.0387
39.5940
31.8567
22.1004
14.5923
35.3589
28.8507
22.3128
16.8888
42.1132
38.8714
34.7198
29.3385
28.4768
23.4623
19.3225
17.8443
35.7196
23.8516
33.2407
24.9035
21.7011
19.9505
18.0724
16.4344
12.9819
15.8701
17.6420
20.2241
75.4979
30.0687
28.1486
23.6833
25.6407
19.7581
19.0698
13.1481
